           1   0.00000000       1.00000000      0.963262558      0.890199900      -7.34748840      -7.36126709    
           2   4.99999989E-03   1.00000000      0.963262558      0.890199900      -7.34748840      -7.36126709    
           3   1.50000490E-02   1.00000000      0.962950945      0.889229000      -7.40981102      -7.42239380    
           4   2.50001997E-02   1.00000000      0.962530851      0.887924194      -7.49382973      -7.50491333    
           5   3.50004509E-02   1.00000000      0.962113976      0.886634767      -7.57720470      -7.58700562    
           6   4.50008027E-02   1.00000000      0.961757600      0.885536075      -7.64847994      -7.65725708    
           7   5.50012514E-02   1.00000000      0.961487591      0.884704828      -7.70248175      -7.71057129    
           8   6.50018081E-02   1.00000000      0.961311817      0.884162009      -7.73763657      -7.74520874    
           9   7.50024617E-02   1.00000000      0.961227894      0.883898258      -7.75442123      -7.76162720    
          10   8.50032121E-02   1.00000000      0.961228013      0.883888721      -7.75439739      -7.76123047    
          11   9.50040668E-02   1.00000000      0.961302161      0.884102702      -7.73956776      -7.74612427    
          12  0.105005026       1.00000000      0.961440027      0.884508014      -7.71199465      -7.71829224    
          13  0.115006082       1.00000000      0.961631417      0.885074377      -7.67371655      -7.67974854    
          14  0.125007242       1.00000000      0.961867094      0.885774195      -7.62658119      -7.63238525    
          15  0.135008499       1.00000000      0.962139130      0.886583149      -7.57217407      -7.57772827    
          16  0.145009845       1.00000000      0.962440789      0.887481153      -7.51184225      -7.51715088    
          17  0.155011311       1.00000000      0.962766409      0.888450980      -7.44671822      -7.45178223    
          18  0.165012866       1.00000000      0.963111162      0.889478445      -7.37776756      -7.38262939    
          19  0.175014526       1.00000000      0.963471115      0.890551865      -7.30577707      -7.31042480    
          20  0.185016289       1.00000000      0.963843286      0.891662180      -7.23134279      -7.23577881    
          21  0.195018142       1.00000000      0.964224935      0.892801225      -7.15501308      -7.15927124    
          22  0.205020115       1.00000000      0.964614451      0.893963456      -7.07710981      -7.08114624    
          23  0.215022177       1.00000000      0.965009809      0.895143867      -6.99803829      -7.00186157    
          24  0.225024328       1.00000000      0.965409935      0.896338820      -6.91801310      -6.92166138    
          25  0.235026598       1.00000000      0.965813816      0.897545278      -6.83723688      -6.84072876    
          26  0.245028973       1.00000000      0.966220617      0.898760915      -6.75587654      -6.75918579    
          27  0.255031407       1.00000000      0.966629863      0.899983943      -6.67402744      -6.67721558    
          28  0.265033990       1.00000000      0.967041016      0.901212811      -6.59179688      -6.59481812    
          29  0.275036633       1.00000000      0.967453837      0.902446508      -6.50923252      -6.51208496    
          30  0.285039425       1.00000000      0.967867792      0.903684258      -6.42644167      -6.42916870    
          31  0.295042276       1.00000000      0.968282580      0.904924572      -6.34348392      -6.34606934    
          32  0.305045247       1.00000000      0.968698144      0.906167686      -6.26037121      -6.26284790    
          33  0.315048337       1.00000000      0.969114423      0.907412529      -6.17711544      -6.17944336    
          34  0.325051486       1.00000000      0.969531000      0.908658743      -6.09380007      -6.09600830    
          35  0.335054755       1.00000000      0.969947755      0.909905910      -6.01044893      -6.01254272    
          36  0.345058143       1.00000000      0.970364690      0.911153495      -5.92706203      -5.92907715    
          37  0.355061591       1.00000000      0.970781624      0.912401021      -5.84367514      -5.84558105    
          38  0.365065157       1.00000000      0.971198440      0.913648725      -5.76031208      -5.76211548    
          39  0.375068843       1.00000000      0.971615136      0.914895773      -5.67697287      -5.67868042    
          40  0.385072589       1.00000000      0.972031236      0.916141570      -5.59375286      -5.59536743    
          41  0.395076483       1.00000000      0.972447157      0.917386711      -5.51056862      -5.51211548    
          42  0.405080438       1.00000000      0.972862601      0.918630540      -5.42747974      -5.42892456    
          43  0.415084541       1.00000000      0.973277450      0.919872761      -5.34451008      -5.34588623    
          44  0.425088704       1.00000000      0.973691702      0.921113372      -5.26165962      -5.26296997    
          45  0.435092956       1.00000000      0.974105477      0.922352195      -5.17890453      -5.18011475    
          46  0.445097327       1.00000000      0.974518597      0.923589706      -5.09628057      -5.09744263    
          47  0.455101818       1.00000000      0.974931180      0.924825370      -5.01376390      -5.01486206    
          48  0.465106398       1.00000000      0.975343227      0.926059544      -4.93135452      -4.93237305    
          49  0.475111067       1.00000000      0.975754738      0.927292109      -4.84905243      -4.85000610    
          50  0.485115886       1.00000000      0.976165950      0.928523779      -4.76680994      -4.76770020    
          51  0.495120734       1.00000000      0.976576984      0.929754674      -4.68460321      -4.68539429    
          52  0.505002499       1.00000000      0.976982713      0.930970132      -4.60345745      -4.60421753    
          53  0.514884114       1.00000000      0.977388501      0.932185531      -4.52229977      -4.52297974    
          54  0.524888873       1.00000000      0.977799535      0.933416724      -4.44009304      -4.44073486    
          55  0.534893572       1.00000000      0.978210807      0.934648991      -4.35783863      -4.35842896    
          56  0.544898152       1.00000000      0.978622794      0.935883224      -4.27544117      -4.27593994    
          57  0.554902613       1.00000000      0.979035795      0.937120020      -4.19284105      -4.19326782    
          58  0.564906955       1.00000000      0.979449749      0.938360035      -4.11005020      -4.11044312    
          59  0.574911237       1.00000000      0.979864955      0.939604104      -4.02700901      -4.02734375    
          60  0.584915400       1.00000000      0.980281830      0.940852940      -3.94363403      -3.94390869    
          61  0.594919503       1.00000000      0.980700612      0.942107439      -3.85987759      -3.86007690    
          62  0.604923487       1.00000000      0.981121540      0.943368673      -3.77569199      -3.77584839    
          63  0.614927351       1.00000000      0.981544971      0.944637120      -3.69100571      -3.69110107    
          64  0.624931097       1.00000000      0.981970847      0.945913434      -3.60583067      -3.60586548    
          65  0.634934783       1.00000000      0.982399583      0.947198451      -3.52008343      -3.52008057    
          66  0.644938350       1.00000000      0.982831538      0.948492706      -3.43369246      -3.43365479    
          67  0.654941857       1.00000000      0.983266592      0.949796855      -3.34668159      -3.34661865    
          68  0.664945245       1.00000000      0.983705163      0.951111555      -3.25896740      -3.25885010    
          69  0.674948514       1.00000000      0.984147489      0.952436924      -3.17050219      -3.17031860    
          70  0.684951663       1.00000000      0.984593272      0.953773379      -3.08134556      -3.08114624    
          71  0.694954753       1.00000000      0.985042751      0.955121279      -2.99144983      -2.99124146    
          72  0.704957664       1.00000000      0.985495985      0.956480205      -2.90080309      -2.90054321    
          73  0.714960575       1.00000000      0.985952973      0.957850754      -2.80940533      -2.80914307    
          74  0.724963307       1.00000000      0.986413717      0.959232569      -2.71725655      -2.71697998    
          75  0.734965980       1.00000000      0.986878037      0.960625470      -2.62439251      -2.62414551    
          76  0.744968534       1.00000000      0.987346113      0.962029338      -2.53077745      -2.53048706    
          77  0.754970968       1.00000000      0.987817526      0.963443518      -2.43649483      -2.43618774    
          78  0.764973402       1.00000000      0.988292098      0.964867711      -2.34158039      -2.34130859    
          79  0.774975598       1.00000000      0.988769770      0.966301024      -2.24604607      -2.24581909    
          80  0.784977794       1.00000000      0.989250064      0.967742503      -2.14998722      -2.14974976    
          81  0.794979930       1.00000000      0.989732504      0.969190776      -2.05349922      -2.05328369    
          82  0.804981828       1.00000000      0.990216553      0.970643520      -1.95668936      -1.95651245    
          83  0.814983726       1.00000000      0.990701020      0.972098529      -1.85979605      -1.85964966    
          84  0.824985504       1.00000000      0.991184890      0.973551869      -1.76302195      -1.76293945    
          85  0.834987164       1.00000000      0.991666496      0.974998832      -1.66670084      -1.66668701    
          86  0.844988704       1.00000000      0.992143750      0.976433039      -1.57124996      -1.57131958    
          87  0.854990125       1.00000000      0.992613912      0.977846503      -1.47721767      -1.47738647    
          88  0.864991486       1.00000000      0.993073702      0.979229689      -1.38525963      -1.38555908    
          89  0.874992728       1.00000000      0.993519425      0.980570972      -1.29611492      -1.29656982    
          90  0.884993911       1.00000000      0.993947029      0.981857777      -1.21059418      -1.21118164    
          91  0.894994915       1.00000000      0.994351566      0.983075738      -1.12968683      -1.13040161    
          92  0.904995918       1.00000000      0.994728148      0.984209716      -1.05437040      -1.05520630    
          93  0.914996743       1.00000000      0.995072305      0.985245883     -0.985538960     -0.986511230    
          94  0.924997509       1.00000000      0.995379508      0.986170828     -0.924098492     -0.925201416    
          95  0.934998155       1.00000000      0.995646417      0.986973763     -0.870716572     -0.871887207    
          96  0.944998682       1.00000000      0.995870471      0.987647414     -0.825905800     -0.827117920    
          97  0.954999208       1.00000000      0.996050954      0.988188684     -0.789809227     -0.791015625    
          98  0.964999497       1.00000000      0.996188283      0.988599181     -0.762343407     -0.763488770    
          99  0.974999785       1.00000000      0.996284544      0.988885999     -0.743091106     -0.744171143    
         100  0.985000014       1.00000000      0.996343791      0.989061236     -0.731241703     -0.732238770    
         101  0.995000005       1.00000000      0.996370852      0.989140689     -0.725829601     -0.726806641    
         102   1.00000000       1.00000000      0.996370852      0.989140689     -0.725829601     -0.726806641    
