           1   0.00000000       4.99999989E-03   4.99999989E-03  -7.36126709      -3.68063338E-02   4.99999989E-03
           2   0.00000000       1.00000491E-02   1.00000491E-02  -7.36126709     -0.110419363       1.50000490E-02
           3   0.00000000       1.00001507E-02   1.00001507E-02  -7.42239380     -0.184644416       2.50001997E-02
           4   0.00000000       1.00002512E-02   1.00002512E-02  -7.50491333     -0.259695441       3.50004509E-02
           5   0.00000000       1.00003518E-02   1.00003518E-02  -7.58700562     -0.335568160       4.50008027E-02
           6   0.00000000       1.00004487E-02   1.00004487E-02  -7.65725708     -0.412144184       5.50012514E-02
           7   0.00000000       1.00005567E-02   1.00005567E-02  -7.71057129     -0.489254177       6.50018081E-02
           8   0.00000000       1.00006536E-02   1.00006536E-02  -7.74520874     -0.566711307       7.50024617E-02
           9   0.00000000       1.00007504E-02   1.00007504E-02  -7.76162720     -0.644333422       8.50032121E-02
          10   0.00000000       1.00008547E-02   1.00008547E-02  -7.76123047     -0.721952379       9.50040668E-02
          11   0.00000000       1.00009590E-02   1.00009590E-02  -7.74612427     -0.799421072      0.105005026    
          12   0.00000000       1.00010559E-02   1.00010559E-02  -7.71829224     -0.876612127      0.115006082    
          13   0.00000000       1.00011602E-02   1.00011602E-02  -7.67974854     -0.953418493      0.125007242    
          14   0.00000000       1.00012571E-02   1.00012571E-02  -7.63238525      -1.02975190      0.135008499    
          15   0.00000000       1.00013465E-02   1.00013465E-02  -7.57772827      -1.10553932      0.145009845    
          16   0.00000000       1.00014657E-02   1.00014657E-02  -7.51715088      -1.18072188      0.155011311    
          17   0.00000000       1.00015551E-02   1.00015551E-02  -7.45178223      -1.25525129      0.165012866    
          18   0.00000000       1.00016594E-02   1.00016594E-02  -7.38262939      -1.32908988      0.175014526    
          19   0.00000000       1.00017637E-02   1.00017637E-02  -7.31042480      -1.40220702      0.185016289    
          20   0.00000000       1.00018531E-02   1.00018531E-02  -7.23577881      -1.47457826      0.195018142    
          21   0.00000000       1.00019723E-02   1.00019723E-02  -7.15927124      -1.54618514      0.205020115    
          22   0.00000000       1.00020617E-02   1.00020617E-02  -7.08114624      -1.61701119      0.215022177    
          23   0.00000000       1.00021511E-02   1.00021511E-02  -7.00186157      -1.68704486      0.225024328    
          24   0.00000000       1.00022703E-02   1.00022703E-02  -6.92166138      -1.75627720      0.235026598    
          25   0.00000000       1.00023746E-02   1.00023746E-02  -6.84072876      -1.82470071      0.245028973    
          26   0.00000000       1.00024343E-02   1.00024343E-02  -6.75918579      -1.89230907      0.255031407    
          27   0.00000000       1.00025833E-02   1.00025833E-02  -6.67721558      -1.95909846      0.265033990    
          28   0.00000000       1.00026429E-02   1.00026429E-02  -6.59481812      -2.02506399      0.275036633    
          29   0.00000000       1.00027919E-02   1.00027919E-02  -6.51208496      -2.09020305      0.285039425    
          30   0.00000000       1.00028515E-02   1.00028515E-02  -6.42916870      -2.15451312      0.295042276    
          31   0.00000000       1.00029707E-02   1.00029707E-02  -6.34606934      -2.21799278      0.305045247    
          32   0.00000000       1.00030899E-02   1.00030899E-02  -6.26284790      -2.28064060      0.315048337    
          33   0.00000000       1.00031495E-02   1.00031495E-02  -6.17944336      -2.34245443      0.325051486    
          34   0.00000000       1.00032687E-02   1.00032687E-02  -6.09600830      -2.40343451      0.335054755    
          35   0.00000000       1.00033879E-02   1.00033879E-02  -6.01254272      -2.46358037      0.345058143    
          36   0.00000000       1.00034475E-02   1.00034475E-02  -5.92907715      -2.52289152      0.355061591    
          37   0.00000000       1.00035667E-02   1.00035667E-02  -5.84558105      -2.58136821      0.365065157    
          38   0.00000000       1.00036860E-02   1.00036860E-02  -5.76211548      -2.63901067      0.375068843    
          39   0.00000000       1.00037456E-02   1.00037456E-02  -5.67868042      -2.69581866      0.385072589    
          40   0.00000000       1.00038946E-02   1.00038946E-02  -5.59536743      -2.75179410      0.395076483    
          41   0.00000000       1.00039542E-02   1.00039542E-02  -5.51211548      -2.80693698      0.405080438    
          42   0.00000000       1.00041032E-02   1.00041032E-02  -5.42892456      -2.86124849      0.415084541    
          43   0.00000000       1.00041628E-02   1.00041628E-02  -5.34588623      -2.91472960      0.425088704    
          44   0.00000000       1.00042522E-02   1.00042522E-02  -5.26296997      -2.96738172      0.435092956    
          45   0.00000000       1.00043714E-02   1.00043714E-02  -5.18011475      -3.01920557      0.445097327    
          46   0.00000000       1.00044906E-02   1.00044906E-02  -5.09744263      -3.07020283      0.455101818    
          47   0.00000000       1.00045800E-02   1.00045800E-02  -5.01486206      -3.12037444      0.465106398    
          48   0.00000000       1.00046694E-02   1.00046694E-02  -4.93237305      -3.16972113      0.475111067    
          49   0.00000000       1.00048184E-02   1.00048184E-02  -4.85000610      -3.21824455      0.485115886    
          50   0.00000000       1.00048482E-02   1.00048482E-02  -4.76770020      -3.26594472      0.495120734    
          51   0.00000000       9.88176465E-03   9.88176465E-03  -4.68539429      -3.31224465      0.505002499    
          52   0.00000000       9.88161564E-03   9.88161564E-03  -4.60421753      -3.35774183      0.514884114    
          53   0.00000000       1.00047588E-02   1.00047588E-02  -4.52297974      -3.40299320      0.524888873    
          54   0.00000000       1.00046992E-02   1.00046992E-02  -4.44073486      -3.44742131      0.534893572    
          55   0.00000000       1.00045800E-02   1.00045800E-02  -4.35842896      -3.49102545      0.544898152    
          56   0.00000000       1.00044608E-02   1.00044608E-02  -4.27593994      -3.53380394      0.554902613    
          57   0.00000000       1.00043416E-02   1.00043416E-02  -4.19326782      -3.57575488      0.564906955    
          58   0.00000000       1.00042820E-02   1.00042820E-02  -4.11044312      -3.61687684      0.574911237    
          59   0.00000000       1.00041628E-02   1.00041628E-02  -4.02734375      -3.65716696      0.584915400    
          60   0.00000000       1.00041032E-02   1.00041032E-02  -3.94390869      -3.69662213      0.594919503    
          61   0.00000000       1.00039840E-02   1.00039840E-02  -3.86007690      -3.73523831      0.604923487    
          62   0.00000000       1.00038648E-02   1.00038648E-02  -3.77584839      -3.77301145      0.614927351    
          63   0.00000000       1.00037456E-02   1.00037456E-02  -3.69110107      -3.80993629      0.624931097    
          64   0.00000000       1.00036860E-02   1.00036860E-02  -3.60586548      -3.84600830      0.634934783    
          65   0.00000000       1.00035667E-02   1.00035667E-02  -3.52008057      -3.88122177      0.644938350    
          66   0.00000000       1.00035071E-02   1.00035071E-02  -3.43365479      -3.91557026      0.654941857    
          67   0.00000000       1.00033879E-02   1.00033879E-02  -3.34661865      -3.94904780      0.664945245    
          68   0.00000000       1.00032687E-02   1.00032687E-02  -3.25885010      -3.98164701      0.674948514    
          69   0.00000000       1.00031495E-02   1.00031495E-02  -3.17031860      -4.01336002      0.684951663    
          70   0.00000000       1.00030899E-02   1.00030899E-02  -3.08114624      -4.04418087      0.694954753    
          71   0.00000000       1.00029111E-02   1.00029111E-02  -2.99124146      -4.07410192      0.704957664    
          72   0.00000000       1.00029111E-02   1.00029111E-02  -2.90054321      -4.10311604      0.714960575    
          73   0.00000000       1.00027323E-02   1.00027323E-02  -2.80914307      -4.13121510      0.724963307    
          74   0.00000000       1.00026727E-02   1.00026727E-02  -2.71697998      -4.15839195      0.734965980    
          75   0.00000000       1.00025535E-02   1.00025535E-02  -2.62414551      -4.18463993      0.744968534    
          76   0.00000000       1.00024343E-02   1.00024343E-02  -2.53048706      -4.20995092      0.754970968    
          77   0.00000000       1.00024343E-02   1.00024343E-02  -2.43618774      -4.23431873      0.764973402    
          78   0.00000000       1.00021958E-02   1.00021958E-02  -2.34130859      -4.25773716      0.774975598    
          79   0.00000000       1.00021958E-02   1.00021958E-02  -2.24581909      -4.28020048      0.784977794    
          80   0.00000000       1.00021362E-02   1.00021362E-02  -2.14974976      -4.30170250      0.794979930    
          81   0.00000000       1.00018978E-02   1.00018978E-02  -2.05328369      -4.32223940      0.804981828    
          82   0.00000000       1.00018978E-02   1.00018978E-02  -1.95651245      -4.34180832      0.814983726    
          83   0.00000000       1.00017786E-02   1.00017786E-02  -1.85964966      -4.36040831      0.824985504    
          84   0.00000000       1.00016594E-02   1.00016594E-02  -1.76293945      -4.37804079      0.834987164    
          85   0.00000000       1.00015402E-02   1.00015402E-02  -1.66668701      -4.39471006      0.844988704    
          86   0.00000000       1.00014210E-02   1.00014210E-02  -1.57131958      -4.41042566      0.854990125    
          87   0.00000000       1.00013614E-02   1.00013614E-02  -1.47738647      -4.42520142      0.864991486    
          88   0.00000000       1.00012422E-02   1.00012422E-02  -1.38555908      -4.43905878      0.874992728    
          89   0.00000000       1.00011826E-02   1.00011826E-02  -1.29656982      -4.45202589      0.884993911    
          90   0.00000000       1.00010037E-02   1.00010037E-02  -1.21118164      -4.46413898      0.894994915    
          91   0.00000000       1.00010037E-02   1.00010037E-02  -1.13040161      -4.47544432      0.904995918    
          92   0.00000000       1.00008249E-02   1.00008249E-02  -1.05520630      -4.48599720      0.914996743    
          93   0.00000000       1.00007653E-02   1.00007653E-02 -0.986511230      -4.49586296      0.924997509    
          94   0.00000000       1.00006461E-02   1.00006461E-02 -0.925201416      -4.50511551      0.934998155    
          95   0.00000000       1.00005269E-02   1.00005269E-02 -0.871887207      -4.51383495      0.944998682    
          96   0.00000000       1.00005269E-02   1.00005269E-02 -0.827117920      -4.52210665      0.954999208    
          97   0.00000000       1.00002885E-02   1.00002885E-02 -0.791015625      -4.53001690      0.964999497    
          98   0.00000000       1.00002885E-02   1.00002885E-02 -0.763488770      -4.53765202      0.974999785    
          99   0.00000000       1.00002289E-02   1.00002289E-02 -0.744171143      -4.54509401      0.985000014    
         100   0.00000000       9.99999046E-03   9.99999046E-03 -0.732238770      -4.55241632      0.995000005    
         101   0.00000000       4.99999523E-03   4.99999523E-03 -0.726806641      -4.55605030       1.00000000    
         102   0.00000000      -1.00000000       1.00000000     -0.726806641      -5.28285694       2.00000000    
