           1   0.00000000       1.24895922E-03   1.24895922E-03  -9.47265625      -1.18309613E-02   1.24895922E-03
           2   0.00000000       2.49793124E-03   2.49793124E-03  -9.47265625      -3.54930051E-02   3.74689046E-03
           3   0.00000000       2.49795569E-03   2.49795569E-03  -9.47888184      -5.91708310E-02   6.24484615E-03
           4   0.00000000       2.49798084E-03   2.49798084E-03  -9.49145508      -8.28803033E-02   8.74282699E-03
           5   0.00000000       2.49800552E-03   2.49800552E-03  -9.50903320     -0.106633916       1.12408325E-02
           6   0.00000000       2.49803066E-03   2.49803066E-03  -9.53088379     -0.130442351       1.37388632E-02
           7   0.00000000       2.49805674E-03   2.49805674E-03  -9.55578613     -0.154313251       1.62369199E-02
           8   0.00000000       2.49807909E-03   2.49807909E-03  -9.58288574     -0.178252056       1.87349990E-02
           9   0.00000000       2.49810517E-03   2.49810517E-03  -9.61169434     -0.202263087       2.12331042E-02
          10   0.00000000       2.49813125E-03   2.49813125E-03  -9.64135742     -0.226348460       2.37312354E-02
          11   0.00000000       2.49815546E-03   2.49815546E-03  -9.67150879     -0.250509381       2.62293909E-02
          12   0.00000000       2.49818154E-03   2.49818154E-03  -9.70153809     -0.274745584       2.87275724E-02
          13   0.00000000       2.49820575E-03   2.49820575E-03  -9.73120117     -0.299056113       3.12257782E-02
          14   0.00000000       2.49823183E-03   2.49823183E-03  -9.76000977     -0.323438883       3.37240100E-02
          15   0.00000000       2.49825418E-03   2.49825418E-03  -9.78784180     -0.347891390       3.62222642E-02
          16   0.00000000       2.49828026E-03   2.49828026E-03  -9.81396484     -0.372409433       3.87205444E-02
          17   0.00000000       2.49830261E-03   2.49830261E-03  -9.83911133     -0.396990508       4.12188470E-02
          18   0.00000000       2.49833241E-03   2.49833241E-03  -9.86230469     -0.421629816       4.37171794E-02
          19   0.00000000       2.49835476E-03   2.49835476E-03  -9.88378906     -0.446323037       4.62155342E-02
          20   0.00000000       2.49837711E-03   2.49837711E-03  -9.90344238     -0.471065581       4.87139113E-02
          21   0.00000000       2.49840692E-03   2.49840692E-03  -9.92163086     -0.495853841       5.12123182E-02
          22   0.00000000       2.49843299E-03   2.49843299E-03  -9.93774414     -0.520682633       5.37107512E-02
          23   0.00000000       2.49844790E-03   2.49844790E-03  -9.95202637     -0.545547247       5.62091991E-02
          24   0.00000000       2.49848142E-03   2.49848142E-03  -9.96447754     -0.570443332       5.87076806E-02
          25   0.00000000       2.49850377E-03   2.49850377E-03  -9.97509766     -0.595366180       6.12061843E-02
          26   0.00000000       2.49852985E-03   2.49852985E-03  -9.98388672     -0.620311201       6.37047142E-02
          27   0.00000000       2.49855220E-03   2.49855220E-03  -9.99072266     -0.645273566       6.62032664E-02
          28   0.00000000       2.49858201E-03   2.49858201E-03  -9.99597168     -0.670249343       6.87018484E-02
          29   0.00000000       2.49859691E-03   2.49859691E-03  -9.99951172     -0.695234120       7.12004453E-02
          30   0.00000000       2.49863416E-03   2.49863416E-03  -10.0013428     -0.720223844       7.36990795E-02
          31   0.00000000       2.49864906E-03   2.49864906E-03  -10.0014648     -0.745213985       7.61977285E-02
          32   0.00000000       2.49868631E-03   2.49868631E-03  -10.0002441     -0.770201445       7.86964148E-02
          33   0.00000000       2.49870121E-03   2.49870121E-03  -9.99743652     -0.795182049       8.11951160E-02
          34   0.00000000       2.49873102E-03   2.49873102E-03  -9.99316406     -0.820152283       8.36938471E-02
          35   0.00000000       2.49874592E-03   2.49874592E-03  -9.98730469     -0.845108032       8.61925930E-02
          36   0.00000000       2.49878317E-03   2.49878317E-03  -9.98046875     -0.870047033       8.86913761E-02
          37   0.00000000       2.49879807E-03   2.49879807E-03  -9.97204590     -0.894965172       9.11901742E-02
          38   0.00000000       2.49883533E-03   2.49883533E-03  -9.96289062     -0.919860780       9.36890095E-02
          39   0.00000000       2.49885023E-03   2.49885023E-03  -9.95239258     -0.944730341       9.61878598E-02
          40   0.00000000       2.49888003E-03   2.49888003E-03  -9.94067383     -0.969570875       9.86867398E-02
          41   0.00000000       2.49889493E-03   2.49889493E-03  -9.92785645     -0.994379520      0.101185635    
          42   0.00000000       2.49893963E-03   2.49893963E-03  -9.91418457      -1.01915443      0.103684574    
          43   0.00000000       2.49893963E-03   2.49893963E-03  -9.89978027      -1.04389334      0.106183514    
          44   0.00000000       2.49897689E-03   2.49897689E-03  -9.88427734      -1.06859386      0.108682491    
          45   0.00000000       2.49900669E-03   2.49900669E-03  -9.86779785      -1.09325361      0.111181498    
          46   0.00000000       2.49902904E-03   2.49902904E-03  -9.85083008      -1.11787117      0.113680527    
          47   0.00000000       2.49904394E-03   2.49904394E-03  -9.83300781      -1.14244425      0.116179571    
          48   0.00000000       2.49908119E-03   2.49908119E-03  -9.81457520      -1.16697168      0.118678652    
          49   0.00000000       2.49909610E-03   2.49909610E-03  -9.79577637      -1.19145226      0.121177748    
          50   0.00000000       2.49913335E-03   2.49913335E-03  -9.77624512      -1.21588445      0.123676881    
          51   0.00000000       2.49914825E-03   2.49914825E-03  -9.75585938      -1.24026585      0.126176029    
          52   0.00000000       2.49917805E-03   2.49917805E-03  -9.73498535      -1.26459527      0.128675207    
          53   0.00000000       2.49920785E-03   2.49920785E-03  -9.71350098      -1.28887129      0.131174415    
          54   0.00000000       2.49922276E-03   2.49922276E-03  -9.69189453      -1.31309354      0.133673638    
          55   0.00000000       2.49925256E-03   2.49925256E-03  -9.66979980      -1.33726084      0.136172891    
          56   0.00000000       2.49926746E-03   2.49926746E-03  -9.64721680      -1.36137187      0.138672158    
          57   0.00000000       2.49929726E-03   2.49929726E-03  -9.62426758      -1.38542581      0.141171455    
          58   0.00000000       2.49932706E-03   2.49932706E-03  -9.60095215      -1.40942168      0.143670782    
          59   0.00000000       2.49935687E-03   2.49935687E-03  -9.57727051      -1.43335867      0.146170139    
          60   0.00000000       2.49937177E-03   2.49937177E-03  -9.55371094      -1.45723689      0.148669511    
          61   0.00000000       2.49940157E-03   2.49940157E-03  -9.52966309      -1.48105538      0.151168913    
          62   0.00000000       2.49941647E-03   2.49941647E-03  -9.50524902      -1.50481296      0.153668329    
          63   0.00000000       2.49944627E-03   2.49944627E-03  -9.48071289      -1.52850950      0.156167775    
          64   0.00000000       2.49947608E-03   2.49947608E-03  -9.45605469      -1.55214465      0.158667251    
          65   0.00000000       2.49950588E-03   2.49950588E-03  -9.43115234      -1.57571793      0.161166757    
          66   0.00000000       2.49952078E-03   2.49952078E-03  -9.40612793      -1.59922874      0.163666278    
          67   0.00000000       2.49955058E-03   2.49955058E-03  -9.38110352      -1.62267733      0.166165829    
          68   0.00000000       2.49958038E-03   2.49958038E-03  -9.35583496      -1.64606297      0.168665409    
          69   0.00000000       2.49959528E-03   2.49959528E-03  -9.33020020      -1.66938472      0.171165004    
          70   0.00000000       2.49962509E-03   2.49962509E-03  -9.30480957      -1.69264328      0.173664629    
          71   0.00000000       2.49966979E-03   2.49966979E-03  -9.27929688      -1.71583843      0.176164299    
          72   0.00000000       2.49966979E-03   2.49966979E-03  -9.25378418      -1.73896980      0.178663969    
          73   0.00000000       2.49969959E-03   2.49969959E-03  -9.22802734      -1.76203704      0.181163669    
          74   0.00000000       2.49972939E-03   2.49972939E-03  -9.20227051      -1.78504026      0.183663398    
          75   0.00000000       2.49974430E-03   2.49974430E-03  -9.17651367      -1.80797923      0.186163142    
          76   0.00000000       2.49977410E-03   2.49977410E-03  -9.15075684      -1.83085406      0.188662916    
          77   0.00000000       2.49980390E-03   2.49980390E-03  -9.12512207      -1.85366511      0.191162720    
          78   0.00000000       2.49983370E-03   2.49983370E-03  -9.09912109      -1.87641144      0.193662554    
          79   0.00000000       2.49984860E-03   2.49984860E-03  -9.07348633      -1.89909375      0.196162403    
          80   0.00000000       2.49986351E-03   2.49986351E-03  -9.04748535      -1.92171121      0.198662266    
          81   0.00000000       2.49989331E-03   2.49989331E-03  -9.02185059      -1.94426489      0.201162159    
          82   0.00000000       2.49993801E-03   2.49993801E-03  -8.99597168      -1.96675432      0.203662097    
          83   0.00000000       2.49995291E-03   2.49995291E-03  -8.97021484      -1.98917937      0.206162050    
          84   0.00000000       2.49998271E-03   2.49998271E-03  -8.94470215      -2.01154089      0.208662033    
          85   0.00000000       2.49999762E-03   2.49999762E-03  -8.91906738      -2.03383851      0.211162031    
          86   0.00000000       2.50004232E-03   2.50004232E-03  -8.89355469      -2.05607271      0.213662073    
          87   0.00000000       2.50004232E-03   2.50004232E-03  -8.86804199      -2.07824326      0.216162115    
          88   0.00000000       2.50008702E-03   2.50008702E-03  -8.84228516      -2.10034966      0.218662202    
          89   0.00000000       2.50010192E-03   2.50010192E-03  -8.81689453      -2.12239289      0.221162304    
          90   0.00000000       2.50013173E-03   2.50013173E-03  -8.79150391      -2.14437270      0.223662436    
          91   0.00000000       2.50014663E-03   2.50014663E-03  -8.76635742      -2.16628981      0.226162583    
          92   0.00000000       2.50017643E-03   2.50017643E-03  -8.74096680      -2.18814373      0.228662759    
          93   0.00000000       2.50020623E-03   2.50020623E-03  -8.71569824      -2.20993471      0.231162965    
          94   0.00000000       2.50023603E-03   2.50023603E-03  -8.69079590      -2.23166370      0.233663201    
          95   0.00000000       2.50026584E-03   2.50026584E-03  -8.66564941      -2.25333023      0.236163467    
          96   0.00000000       2.50026584E-03   2.50026584E-03  -8.64062500      -2.27493405      0.238663733    
          97   0.00000000       2.50029564E-03   2.50029564E-03  -8.61596680      -2.29647660      0.241164029    
          98   0.00000000       2.50032544E-03   2.50032544E-03  -8.59106445      -2.31795716      0.243664354    
          99   0.00000000       2.50035524E-03   2.50035524E-03  -8.56652832      -2.33937645      0.246164709    
         100   0.00000000       2.50038505E-03   2.50038505E-03  -8.54187012      -2.36073446      0.248665094    
         101   0.00000000       2.50041485E-03   2.50041485E-03  -8.51721191      -2.38203096      0.251165509    
         102   0.00000000       2.50041485E-03   2.50041485E-03  -8.49279785      -2.40326643      0.253665924    
         103   0.00000000       2.50047445E-03   2.50047445E-03  -8.46826172      -2.42444110      0.256166399    
         104   0.00000000       2.50047445E-03   2.50047445E-03  -8.44384766      -2.44555473      0.258666873    
         105   0.00000000       2.50053406E-03   2.50053406E-03  -8.41967773      -2.46660852      0.261167407    
         106   0.00000000       2.50050426E-03   2.50050426E-03  -8.39550781      -2.48760152      0.263667911    
         107   0.00000000       2.50056386E-03   2.50056386E-03  -8.37145996      -2.50853491      0.266168475    
         108   0.00000000       2.50056386E-03   2.50056386E-03  -8.34753418      -2.52940845      0.268669039    
         109   0.00000000       2.50062346E-03   2.50062346E-03  -8.32360840      -2.55022264      0.271169662    
         110   0.00000000       2.50062346E-03   2.50062346E-03  -8.29968262      -2.57097697      0.273670286    
         111   0.00000000       2.50068307E-03   2.50068307E-03  -8.27600098      -2.59167266      0.276170969    
         112   0.00000000       2.50065327E-03   2.50065327E-03  -8.25231934      -2.61230874      0.278671622    
         113   0.00000000       2.50071287E-03   2.50071287E-03  -8.22863770      -2.63288617      0.281172335    
         114   0.00000000       2.50071287E-03   2.50071287E-03  -8.20507812      -2.65340471      0.283673048    
         115   0.00000000       2.50077248E-03   2.50077248E-03  -8.18164062      -2.67386508      0.286173820    
         116   0.00000000       2.50077248E-03   2.50077248E-03  -8.15820312      -2.69426680      0.288674593    
         117   0.00000000       2.50083208E-03   2.50083208E-03  -8.13513184      -2.71461129      0.291175425    
         118   0.00000000       2.50083208E-03   2.50083208E-03  -8.11193848      -2.73489785      0.293676257    
         119   0.00000000       2.50083208E-03   2.50083208E-03  -8.08874512      -2.75512648      0.296177089    
         120   0.00000000       2.50089169E-03   2.50089169E-03  -8.06579590      -2.77529812      0.298677981    
         121   0.00000000       2.50089169E-03   2.50089169E-03  -8.04272461      -2.79541206      0.301178873    
         122   0.00000000       2.50095129E-03   2.50095129E-03  -8.01989746      -2.81546950      0.303679824    
         123   0.00000000       2.50095129E-03   2.50095129E-03  -7.99707031      -2.83546972      0.306180775    
         124   0.00000000       2.50101089E-03   2.50101089E-03  -7.97436523      -2.85541368      0.308681786    
         125   0.00000000       2.50101089E-03   2.50101089E-03  -7.95190430      -2.87530136      0.311182797    
         126   0.00000000       2.50101089E-03   2.50101089E-03  -7.92907715      -2.89513206      0.313683808    
         127   0.00000000       2.50107050E-03   2.50107050E-03  -7.90661621      -2.91490698      0.316184878    
         128   0.00000000       2.50107050E-03   2.50107050E-03  -7.88403320      -2.93462539      0.318685949    
         129   0.00000000       2.50113010E-03   2.50113010E-03  -7.86169434      -2.95428848      0.321187079    
         130   0.00000000       2.50113010E-03   2.50113010E-03  -7.83935547      -2.97389579      0.323688209    
         131   0.00000000       2.50118971E-03   2.50118971E-03  -7.81713867      -2.99344802      0.326189399    
         132   0.00000000       2.50115991E-03   2.50115991E-03  -7.79504395      -3.01294470      0.328690559    
         133   0.00000000       2.50121951E-03   2.50121951E-03  -7.77294922      -3.03238654      0.331191778    
         134   0.00000000       2.50121951E-03   2.50121951E-03  -7.75097656      -3.05177355      0.333692998    
         135   0.00000000       2.50127912E-03   2.50127912E-03  -7.72875977      -3.07110524      0.336194277    
         136   0.00000000       2.50127912E-03   2.50127912E-03  -7.70690918      -3.09038234      0.338695556    
         137   0.00000000       2.50133872E-03   2.50133872E-03  -7.68518066      -3.10960555      0.341196895    
         138   0.00000000       2.50130892E-03   2.50130892E-03  -7.66333008      -3.12877393      0.343698204    
         139   0.00000000       2.50133872E-03   2.50133872E-03  -7.64135742      -3.14788747      0.346199542    
         140   0.00000000       2.50139832E-03   2.50139832E-03  -7.61975098      -3.16694760      0.348700941    
         141   0.00000000       2.50139832E-03   2.50139832E-03  -7.59814453      -3.18595362      0.351202339    
         142   0.00000000       2.50145793E-03   2.50145793E-03  -7.57666016      -3.20490623      0.353703797    
         143   0.00000000       2.50145793E-03   2.50145793E-03  -7.55505371      -3.22380495      0.356205255    
         144   0.00000000       2.50148773E-03   2.50148773E-03  -7.53356934      -3.24265003      0.358706743    
         145   0.00000000       2.50151753E-03   2.50151753E-03  -7.51208496      -3.26144171      0.361208260    
         146   0.00000000       2.50148773E-03   2.50148773E-03  -7.49072266      -3.28017974      0.363709748    
         147   0.00000000       2.50160694E-03   2.50160694E-03  -7.46948242      -3.29886556      0.366211355    
         148   0.00000000       2.50157714E-03   2.50157714E-03  -7.44812012      -3.31749749      0.368712932    
         149   0.00000000       2.50163674E-03   2.50163674E-03  -7.42687988      -3.33607674      0.371214569    
         150   0.00000000       2.50160694E-03   2.50160694E-03  -7.40576172      -3.35460305      0.373716176    
         151   0.00000000       2.50166655E-03   2.50166655E-03  -7.38464355      -3.37307692      0.376217842    
         152   0.00000000       2.50169635E-03   2.50169635E-03  -7.36352539      -3.39149833      0.378719538    
         153   0.00000000       2.50169635E-03   2.50169635E-03  -7.34240723      -3.40986681      0.381221235    
         154   0.00000000       2.50172615E-03   2.50172615E-03  -7.32165527      -3.42818356      0.383722961    
         155   0.00000000       2.50178576E-03   2.50178576E-03  -7.30065918      -3.44644833      0.386224747    
         156   0.00000000       2.50178576E-03   2.50178576E-03  -7.27966309      -3.46466041      0.388726532    
         157   0.00000000       2.50184536E-03   2.50184536E-03  -7.25866699      -3.48282051      0.391228378    
         158   0.00000000       2.50181556E-03   2.50181556E-03  -7.23803711      -3.50092864      0.393730193    
         159   0.00000000       2.50187516E-03   2.50187516E-03  -7.21716309      -3.51898503      0.396232069    
         160   0.00000000       2.50187516E-03   2.50187516E-03  -7.19641113      -3.53698945      0.398733944    
         161   0.00000000       2.50193477E-03   2.50193477E-03  -7.17565918      -3.55494237      0.401235878    
         162   0.00000000       2.50193477E-03   2.50193477E-03  -7.15478516      -3.57284307      0.403737813    
         163   0.00000000       2.50196457E-03   2.50196457E-03  -7.13439941      -3.59069300      0.406239778    
         164   0.00000000       2.50199437E-03   2.50199437E-03  -7.11376953      -3.60849166      0.408741772    
         165   0.00000000       2.50196457E-03   2.50196457E-03  -7.09326172      -3.62623882      0.411243737    
         166   0.00000000       2.50208378E-03   2.50208378E-03  -7.07275391      -3.64393544      0.413745821    
         167   0.00000000       2.50205398E-03   2.50205398E-03  -7.05224609      -3.66158056      0.416247874    
         168   0.00000000       2.50211358E-03   2.50211358E-03  -7.03186035      -3.67917514      0.418749988    
         169   0.00000000       2.50208378E-03   2.50208378E-03  -7.01147461      -3.69671845      0.421252072    
         170   0.00000000       2.50214338E-03   2.50214338E-03  -6.99121094      -3.71421146      0.423754215    
         171   0.00000000       2.50217319E-03   2.50217319E-03  -6.97058105      -3.73165298      0.426256388    
         172   0.00000000       2.50217319E-03   2.50217319E-03  -6.95019531      -3.74904346      0.428758562    
         173   0.00000000       2.50220299E-03   2.50220299E-03  -6.92980957      -3.76638317      0.431260765    
         174   0.00000000       2.50226259E-03   2.50226259E-03  -6.90954590      -3.78367257      0.433763027    
         175   0.00000000       2.50226259E-03   2.50226259E-03  -6.88928223      -3.80091143      0.436265290    
         176   0.00000000       2.50232220E-03   2.50232220E-03  -6.86914062      -3.81810021      0.438767612    
         177   0.00000000       2.50229239E-03   2.50229239E-03  -6.84887695      -3.83523822      0.441269904    
         178   0.00000000       2.50235200E-03   2.50235200E-03  -6.82861328      -3.85232592      0.443772256    
         179   0.00000000       2.50235200E-03   2.50235200E-03  -6.80847168      -3.86936307      0.446274608    
         180   0.00000000       2.50241160E-03   2.50241160E-03  -6.78820801      -3.88634992      0.448777020    
         181   0.00000000       2.50241160E-03   2.50241160E-03  -6.76806641      -3.90328646      0.451279432    
         182   0.00000000       2.50244141E-03   2.50244141E-03  -6.74792480      -3.92017269      0.453781873    
         183   0.00000000       2.50247121E-03   2.50247121E-03  -6.72790527      -3.93700910      0.456284344    
         184   0.00000000       2.50244141E-03   2.50244141E-03  -6.70764160      -3.95379448      0.458786786    
         185   0.00000000       2.50256062E-03   2.50256062E-03  -6.68774414      -3.97053099      0.461289346    
         186   0.00000000       2.50253081E-03   2.50253081E-03  -6.66760254      -3.98721695      0.463791877    
         187   0.00000000       2.50259042E-03   2.50259042E-03  -6.64733887      -4.00385237      0.466294467    
         188   0.00000000       2.50259042E-03   2.50259042E-03  -6.62756348      -4.02043867      0.468797058    
         189   0.00000000       2.50265002E-03   2.50265002E-03  -6.60742188      -4.03697491      0.471299708    
         190   0.00000000       2.50262022E-03   2.50262022E-03  -6.58728027      -4.05346060      0.473802328    
         191   0.00000000       2.50265002E-03   2.50265002E-03  -6.56738281      -4.06989670      0.476304978    
         192   0.00000000       2.50270963E-03   2.50270963E-03  -6.54736328      -4.08628273      0.478807688    
         193   0.00000000       2.50270963E-03   2.50270963E-03  -6.52746582      -4.10261917      0.481310397    
         194   0.00000000       2.50276923E-03   2.50276923E-03  -6.50720215      -4.11890507      0.483813167    
         195   0.00000000       2.50273943E-03   2.50273943E-03  -6.48706055      -4.13514042      0.486315906    
         196   0.00000000       2.50279903E-03   2.50279903E-03  -6.46716309      -4.15132666      0.488818705    
         197   0.00000000       2.50279903E-03   2.50279903E-03  -6.44726562      -4.16746283      0.491321504    
         198   0.00000000       2.50285864E-03   2.50285864E-03  -6.42700195      -4.18354893      0.493824363    
         199   0.00000000       2.50288844E-03   2.50288844E-03  -6.40734863      -4.19958591      0.496327251    
         200   0.00000000       2.50288844E-03   2.50288844E-03  -6.38720703      -4.21557236      0.498830140    
         201   0.00000000       2.42131948E-03   2.42131948E-03  -6.36730957      -4.23098946      0.501251459    
         202   0.00000000       2.42125988E-03   2.42125988E-03  -6.34790039      -4.24635935      0.503672719    
         203   0.00000000       2.50291824E-03   2.50291824E-03  -6.32836914      -4.26219893      0.506175637    
         204   0.00000000       2.50279903E-03   2.50279903E-03  -6.30822754      -4.27798700      0.508678436    
         205   0.00000000       2.50285864E-03   2.50285864E-03  -6.28808594      -4.29372501      0.511181295    
         206   0.00000000       2.50279903E-03   2.50279903E-03  -6.26806641      -4.30941296      0.513684094    
         207   0.00000000       2.50273943E-03   2.50273943E-03  -6.24780273      -4.32504940      0.516186833    
         208   0.00000000       2.50279903E-03   2.50279903E-03  -6.22753906      -4.34063578      0.518689632    
         209   0.00000000       2.50267982E-03   2.50267982E-03  -6.20751953      -4.35617113      0.521192312    
         210   0.00000000       2.50267982E-03   2.50267982E-03  -6.18725586      -4.37165594      0.523694992    
         211   0.00000000       2.50267982E-03   2.50267982E-03  -6.16674805      -4.38708925      0.526197672    
         212   0.00000000       2.50267982E-03   2.50267982E-03  -6.14648438      -4.40247202      0.528700352    
         213   0.00000000       2.50256062E-03   2.50256062E-03  -6.12634277      -4.41780376      0.531202912    
         214   0.00000000       2.50262022E-03   2.50262022E-03  -6.10583496      -4.43308449      0.533705533    
         215   0.00000000       2.50256062E-03   2.50256062E-03  -6.08557129      -4.44831419      0.536208093    
         216   0.00000000       2.50250101E-03   2.50250101E-03  -6.06506348      -4.46349192      0.538710594    
         217   0.00000000       2.50256062E-03   2.50256062E-03  -6.04479980      -4.47861958      0.541213155    
         218   0.00000000       2.50244141E-03   2.50244141E-03  -6.02429199      -4.49369478      0.543715596    
         219   0.00000000       2.50250101E-03   2.50250101E-03  -6.00378418      -4.50871944      0.546218097    
         220   0.00000000       2.50244141E-03   2.50244141E-03  -5.98315430      -4.52369213      0.548720539    
         221   0.00000000       2.50238180E-03   2.50238180E-03  -5.96240234      -4.53861237      0.551222920    
         222   0.00000000       2.50244141E-03   2.50244141E-03  -5.94177246      -4.55348110      0.553725362    
         223   0.00000000       2.50232220E-03   2.50232220E-03  -5.92114258      -4.56829786      0.556227684    
         224   0.00000000       2.50238180E-03   2.50238180E-03  -5.90039062      -4.58306313      0.558730066    
         225   0.00000000       2.50232220E-03   2.50232220E-03  -5.87951660      -4.59777546      0.561232388    
         226   0.00000000       2.50226259E-03   2.50226259E-03  -5.85864258      -4.61243534      0.563734651    
         227   0.00000000       2.50232220E-03   2.50232220E-03  -5.83764648      -4.62704325      0.566236973    
         228   0.00000000       2.50220299E-03   2.50220299E-03  -5.81665039      -4.64159775      0.568739176    
         229   0.00000000       2.50220299E-03   2.50220299E-03  -5.79541016      -4.65609884      0.571241379    
         230   0.00000000       2.50220299E-03   2.50220299E-03  -5.77429199      -4.67054749      0.573743582    
         231   0.00000000       2.50220299E-03   2.50220299E-03  -5.75317383      -4.68494320      0.576245785    
         232   0.00000000       2.50208378E-03   2.50208378E-03  -5.73181152      -4.69928455      0.578747869    
         233   0.00000000       2.50214338E-03   2.50214338E-03  -5.71032715      -4.71357250      0.581250012    
         234   0.00000000       2.50208378E-03   2.50208378E-03  -5.68896484      -4.72780657      0.583752096    
         235   0.00000000       2.50202417E-03   2.50202417E-03  -5.66735840      -4.74198627      0.586254120    
         236   0.00000000       2.50208378E-03   2.50208378E-03  -5.64587402      -4.75611258      0.588756204    
         237   0.00000000       2.50196457E-03   2.50196457E-03  -5.62414551      -4.77018404      0.591258168    
         238   0.00000000       2.50202417E-03   2.50202417E-03  -5.60229492      -4.78420115      0.593760192    
         239   0.00000000       2.50196457E-03   2.50196457E-03  -5.58044434      -4.79816341      0.596262157    
         240   0.00000000       2.50190496E-03   2.50190496E-03  -5.55834961      -4.81206989      0.598764062    
         241   0.00000000       2.50196457E-03   2.50196457E-03  -5.53637695      -4.82592154      0.601266026    
         242   0.00000000       2.50184536E-03   2.50184536E-03  -5.51428223      -4.83971739      0.603767872    
         243   0.00000000       2.50190496E-03   2.50190496E-03  -5.49194336      -4.85345793      0.606269777    
         244   0.00000000       2.50184536E-03   2.50184536E-03  -5.46960449      -4.86714220      0.608771622    
         245   0.00000000       2.50178576E-03   2.50178576E-03  -5.44714355      -4.88076973      0.611273408    
         246   0.00000000       2.50184536E-03   2.50184536E-03  -5.42443848      -4.89434099      0.613775253    
         247   0.00000000       2.50172615E-03   2.50172615E-03  -5.40173340      -4.90785456      0.616276979    
         248   0.00000000       2.50172615E-03   2.50172615E-03  -5.37890625      -4.92131090      0.618778706    
         249   0.00000000       2.50172615E-03   2.50172615E-03  -5.35595703      -4.93471003      0.621280432    
         250   0.00000000       2.50172615E-03   2.50172615E-03  -5.33300781      -4.94805193      0.623782158    
         251   0.00000000       2.50160694E-03   2.50160694E-03  -5.30969238      -4.96133471      0.626283765    
         252   0.00000000       2.50166655E-03   2.50166655E-03  -5.28662109      -4.97456026      0.628785431    
         253   0.00000000       2.50160694E-03   2.50160694E-03  -5.26306152      -4.98772621      0.631287038    
         254   0.00000000       2.50154734E-03   2.50154734E-03  -5.23950195      -5.00083303      0.633788586    
         255   0.00000000       2.50160694E-03   2.50160694E-03  -5.21594238      -5.01388121      0.636290193    
         256   0.00000000       2.50148773E-03   2.50148773E-03  -5.19201660      -5.02686882      0.638791680    
         257   0.00000000       2.50154734E-03   2.50154734E-03  -5.16809082      -5.03979683      0.641293228    
         258   0.00000000       2.50148773E-03   2.50148773E-03  -5.14392090      -5.05266428      0.643794715    
         259   0.00000000       2.50142813E-03   2.50142813E-03  -5.11975098      -5.06547117      0.646296144    
         260   0.00000000       2.50148773E-03   2.50148773E-03  -5.09533691      -5.07821703      0.648797631    
         261   0.00000000       2.50136852E-03   2.50136852E-03  -5.07080078      -5.09090090      0.651299000    
         262   0.00000000       2.50142813E-03   2.50142813E-03  -5.04614258      -5.10352325      0.653800428    
         263   0.00000000       2.50136852E-03   2.50136852E-03  -5.02124023      -5.11608315      0.656301796    
         264   0.00000000       2.50130892E-03   2.50130892E-03  -4.99633789      -5.12858057      0.658803105    
         265   0.00000000       2.50136852E-03   2.50136852E-03  -4.97106934      -5.14101505      0.661304474    
         266   0.00000000       2.50124931E-03   2.50124931E-03  -4.94580078      -5.15338564      0.663805723    
         267   0.00000000       2.50124931E-03   2.50124931E-03  -4.92041016      -5.16569281      0.666306973    
         268   0.00000000       2.50124931E-03   2.50124931E-03  -4.89489746      -5.17793608      0.668808222    
         269   0.00000000       2.50124931E-03   2.50124931E-03  -4.86914062      -5.19011497      0.671309471    
         270   0.00000000       2.50113010E-03   2.50113010E-03  -4.84313965      -5.20222807      0.673810601    
         271   0.00000000       2.50118971E-03   2.50118971E-03  -4.81713867      -5.21427679      0.676311791    
         272   0.00000000       2.50107050E-03   2.50107050E-03  -4.79089355      -5.22625923      0.678812861    
         273   0.00000000       2.50113010E-03   2.50113010E-03  -4.76440430      -5.23817539      0.681313992    
         274   0.00000000       2.50107050E-03   2.50107050E-03  -4.73791504      -5.25002527      0.683815062    
         275   0.00000000       2.50107050E-03   2.50107050E-03  -4.71105957      -5.26180792      0.686316133    
         276   0.00000000       2.50107050E-03   2.50107050E-03  -4.68395996      -5.27352285      0.688817203    
         277   0.00000000       2.50101089E-03   2.50101089E-03  -4.65710449      -5.28517056      0.691318214    
         278   0.00000000       2.50095129E-03   2.50095129E-03  -4.62976074      -5.29674959      0.693819165    
         279   0.00000000       2.50101089E-03   2.50101089E-03  -4.60241699      -5.30826044      0.696320176    
         280   0.00000000       2.50089169E-03   2.50089169E-03  -4.57470703      -5.31970119      0.698821068    
         281   0.00000000       2.50089169E-03   2.50089169E-03  -4.54699707      -5.33107281      0.701321959    
         282   0.00000000       2.50089169E-03   2.50089169E-03  -4.51904297      -5.34237432      0.703822851    
         283   0.00000000       2.50089169E-03   2.50089169E-03  -4.49108887      -5.35360622      0.706323743    
         284   0.00000000       2.50077248E-03   2.50077248E-03  -4.46252441      -5.36476612      0.708824515    
         285   0.00000000       2.50083208E-03   2.50083208E-03  -4.43408203      -5.37585497      0.711325347    
         286   0.00000000       2.50077248E-03   2.50077248E-03  -4.40539551      -5.38687181      0.713826120    
         287   0.00000000       2.50077248E-03   2.50077248E-03  -4.37646484      -5.39781618      0.716326892    
         288   0.00000000       2.50071287E-03   2.50071287E-03  -4.34753418      -5.40868807      0.718827605    
         289   0.00000000       2.50077248E-03   2.50077248E-03  -4.31823730      -5.41948700      0.721328378    
         290   0.00000000       2.50065327E-03   2.50065327E-03  -4.28881836      -5.43021202      0.723829031    
         291   0.00000000       2.50065327E-03   2.50065327E-03  -4.25927734      -5.44086313      0.726329684    
         292   0.00000000       2.50065327E-03   2.50065327E-03  -4.22949219      -5.45143986      0.728830338    
         293   0.00000000       2.50053406E-03   2.50053406E-03  -4.19958496      -5.46194124      0.731330872    
         294   0.00000000       2.50065327E-03   2.50065327E-03  -4.16931152      -5.47236729      0.733831525    
         295   0.00000000       2.50053406E-03   2.50053406E-03  -4.13903809      -5.48271704      0.736332059    
         296   0.00000000       2.50053406E-03   2.50053406E-03  -4.10839844      -5.49299002      0.738832593    
         297   0.00000000       2.50053406E-03   2.50053406E-03  -4.07788086      -5.50318670      0.741333127    
         298   0.00000000       2.50041485E-03   2.50041485E-03  -4.04724121      -5.51330662      0.743833542    
         299   0.00000000       2.50047445E-03   2.50047445E-03  -4.01611328      -5.52334881      0.746334016    
         300   0.00000000       2.50047445E-03   2.50047445E-03  -3.98474121      -5.53331232      0.748834491    
         301   0.00000000       2.50035524E-03   2.50035524E-03  -3.95349121      -5.54319763      0.751334846    
         302   0.00000000       2.50035524E-03   2.50035524E-03  -3.92199707      -5.55300379      0.753835201    
         303   0.00000000       2.50041485E-03   2.50041485E-03  -3.89038086      -5.56273127      0.756335616    
         304   0.00000000       2.50029564E-03   2.50029564E-03  -3.85852051      -5.57237864      0.758835912    
         305   0.00000000       2.50029564E-03   2.50029564E-03  -3.82617188      -5.58194542      0.761336207    
         306   0.00000000       2.50029564E-03   2.50029564E-03  -3.79406738      -5.59143162      0.763836503    
         307   0.00000000       2.50029564E-03   2.50029564E-03  -3.76159668      -5.60083675      0.766336799    
         308   0.00000000       2.50023603E-03   2.50023603E-03  -3.72912598      -5.61016035      0.768837035    
         309   0.00000000       2.50023603E-03   2.50023603E-03  -3.69616699      -5.61940145      0.771337271    
         310   0.00000000       2.50011683E-03   2.50011683E-03  -3.66333008      -5.62856007      0.773837388    
         311   0.00000000       2.50011683E-03   2.50011683E-03  -3.63037109      -5.63763618      0.776337504    
         312   0.00000000       2.50017643E-03   2.50017643E-03  -3.59704590      -5.64662933      0.778837681    
         313   0.00000000       2.50005722E-03   2.50005722E-03  -3.56359863      -5.65553856      0.781337738    
         314   0.00000000       2.50011683E-03   2.50011683E-03  -3.52990723      -5.66436386      0.783837855    
         315   0.00000000       2.50005722E-03   2.50005722E-03  -3.49645996      -5.67310524      0.786337912    
         316   0.00000000       2.49999762E-03   2.49999762E-03  -3.46252441      -5.68176174      0.788837910    
         317   0.00000000       2.50005722E-03   2.50005722E-03  -3.42834473      -5.69033289      0.791337967    
         318   0.00000000       2.49993801E-03   2.49993801E-03  -3.39428711      -5.69881821      0.793837905    
         319   0.00000000       2.49993801E-03   2.49993801E-03  -3.35986328      -5.70721769      0.796337843    
         320   0.00000000       2.49993801E-03   2.49993801E-03  -3.32519531      -5.71553040      0.798837781    
         321   0.00000000       2.49987841E-03   2.49987841E-03  -3.29052734      -5.72375631      0.801337659    
         322   0.00000000       2.49987841E-03   2.49987841E-03  -3.25561523      -5.73189497      0.803837538    
         323   0.00000000       2.49987841E-03   2.49987841E-03  -3.22070312      -5.73994637      0.806337416    
         324   0.00000000       2.49981880E-03   2.49981880E-03  -3.18579102      -5.74791050      0.808837235    
         325   0.00000000       2.49981880E-03   2.49981880E-03  -3.15063477      -5.75578642      0.811337054    
         326   0.00000000       2.49981880E-03   2.49981880E-03  -3.11535645      -5.76357412      0.813836873    
         327   0.00000000       2.49975920E-03   2.49975920E-03  -3.07971191      -5.77127266      0.816336632    
         328   0.00000000       2.49969959E-03   2.49969959E-03  -3.04418945      -5.77888203      0.818836331    
         329   0.00000000       2.49969959E-03   2.49969959E-03  -3.00842285      -5.78640223      0.821336031    
         330   0.00000000       2.49963999E-03   2.49963999E-03  -2.97265625      -5.79383278      0.823835671    
         331   0.00000000       2.49963999E-03   2.49963999E-03  -2.93652344      -5.80117321      0.826335311    
         332   0.00000000       2.49969959E-03   2.49969959E-03  -2.90039062      -5.80842352      0.828835011    
         333   0.00000000       2.49958038E-03   2.49958038E-03  -2.86437988      -5.81558323      0.831334591    
         334   0.00000000       2.49958038E-03   2.49958038E-03  -2.82812500      -5.82265234      0.833834171    
         335   0.00000000       2.49958038E-03   2.49958038E-03  -2.79174805      -5.82963037      0.836333752    
         336   0.00000000       2.49946117E-03   2.49946117E-03  -2.75537109      -5.83651733      0.838833213    
         337   0.00000000       2.49958038E-03   2.49958038E-03  -2.71887207      -5.84331322      0.841332793    
         338   0.00000000       2.49940157E-03   2.49940157E-03  -2.68249512      -5.85001802      0.843832195    
         339   0.00000000       2.49940157E-03   2.49940157E-03  -2.64575195      -5.85663080      0.846331596    
         340   0.00000000       2.49946117E-03   2.49946117E-03  -2.60900879      -5.86315203      0.848831058    
         341   0.00000000       2.49940157E-03   2.49940157E-03  -2.57238770      -5.86958122      0.851330459    
         342   0.00000000       2.49940157E-03   2.49940157E-03  -2.53576660      -5.87591934      0.853829861    
         343   0.00000000       2.49934196E-03   2.49934196E-03  -2.49926758      -5.88216591      0.856329203    
         344   0.00000000       2.49934196E-03   2.49934196E-03  -2.46252441      -5.88832045      0.858828545    
         345   0.00000000       2.49934196E-03   2.49934196E-03  -2.42578125      -5.89438343      0.861327887    
         346   0.00000000       2.49922276E-03   2.49922276E-03  -2.38940430      -5.90035486      0.863827109    
         347   0.00000000       2.49928236E-03   2.49928236E-03  -2.35290527      -5.90623522      0.866326392    
         348   0.00000000       2.49928236E-03   2.49928236E-03  -2.31628418      -5.91202450      0.868825674    
         349   0.00000000       2.49910355E-03   2.49910355E-03  -2.27978516      -5.91772175      0.871324778    
         350   0.00000000       2.49922276E-03   2.49922276E-03  -2.24365234      -5.92332935      0.873824000    
         351   0.00000000       2.49910355E-03   2.49910355E-03  -2.20764160      -5.92884636      0.876323104    
         352   0.00000000       2.49916315E-03   2.49916315E-03  -2.17163086      -5.93427372      0.878822267    
         353   0.00000000       2.49910355E-03   2.49910355E-03  -2.13598633      -5.93961191      0.881321371    
         354   0.00000000       2.49910355E-03   2.49910355E-03  -2.10034180      -5.94486094      0.883820474    
         355   0.00000000       2.49904394E-03   2.49904394E-03  -2.06518555      -5.95002174      0.886319518    
         356   0.00000000       2.49898434E-03   2.49898434E-03  -2.03015137      -5.95509529      0.888818502    
         357   0.00000000       2.49904394E-03   2.49904394E-03  -1.99548340      -5.96008205      0.891317546    
         358   0.00000000       2.49904394E-03   2.49904394E-03  -1.96118164      -5.96498299      0.893816590    
         359   0.00000000       2.49886513E-03   2.49886513E-03  -1.92712402      -5.96979856      0.896315455    
         360   0.00000000       2.49898434E-03   2.49898434E-03  -1.89355469      -5.97453070      0.898814440    
         361   0.00000000       2.49886513E-03   2.49886513E-03  -1.86035156      -5.97917938      0.901313305    
         362   0.00000000       2.49886513E-03   2.49886513E-03  -1.82763672      -5.98374653      0.903812170    
         363   0.00000000       2.49886513E-03   2.49886513E-03  -1.79553223      -5.98823309      0.906311035    
         364   0.00000000       2.49886513E-03   2.49886513E-03  -1.76367188      -5.99264050      0.908809900    
         365   0.00000000       2.49874592E-03   2.49874592E-03  -1.73254395      -5.99696970      0.911308646    
         366   0.00000000       2.49880552E-03   2.49880552E-03  -1.70202637      -6.00122261      0.913807452    
         367   0.00000000       2.49868631E-03   2.49868631E-03  -1.67211914      -6.00540066      0.916306138    
         368   0.00000000       2.49874592E-03   2.49874592E-03  -1.64294434      -6.00950575      0.918804884    
         369   0.00000000       2.49868631E-03   2.49868631E-03  -1.61437988      -6.01353979      0.921303570    
         370   0.00000000       2.49868631E-03   2.49868631E-03  -1.58654785      -6.01750422      0.923802257    
         371   0.00000000       2.49868631E-03   2.49868631E-03  -1.55944824      -6.02140093      0.926300943    
         372   0.00000000       2.49862671E-03   2.49862671E-03  -1.53320312      -6.02523184      0.928799570    
         373   0.00000000       2.49856710E-03   2.49856710E-03  -1.50781250      -6.02899933      0.931298137    
         374   0.00000000       2.49862671E-03   2.49862671E-03  -1.48315430      -6.03270531      0.933796763    
         375   0.00000000       2.49850750E-03   2.49850750E-03  -1.45947266      -6.03635168      0.936295271    
         376   0.00000000       2.49856710E-03   2.49856710E-03  -1.43652344      -6.03994083      0.938793838    
         377   0.00000000       2.49844790E-03   2.49844790E-03  -1.41455078      -6.04347515      0.941292286    
         378   0.00000000       2.49850750E-03   2.49850750E-03  -1.39355469      -6.04695702      0.943790793    
         379   0.00000000       2.49844790E-03   2.49844790E-03  -1.37390137      -6.05038977      0.946289241    
         380   0.00000000       2.49844790E-03   2.49844790E-03  -1.35473633      -6.05377436      0.948787689    
         381   0.00000000       2.49838829E-03   2.49838829E-03  -1.33654785      -6.05711365      0.951286077    
         382   0.00000000       2.49838829E-03   2.49838829E-03  -1.31945801      -6.06041002      0.953784466    
         383   0.00000000       2.49838829E-03   2.49838829E-03  -1.30334473      -6.06366634      0.956282854    
         384   0.00000000       2.49826908E-03   2.49826908E-03  -1.28845215      -6.06688547      0.958781123    
         385   0.00000000       2.49832869E-03   2.49832869E-03  -1.27429199      -6.07006884      0.961279452    
         386   0.00000000       2.49832869E-03   2.49832869E-03  -1.26123047      -6.07321978      0.963777781    
         387   0.00000000       2.49820948E-03   2.49820948E-03  -1.24926758      -6.07634068      0.966275990    
         388   0.00000000       2.49820948E-03   2.49820948E-03  -1.23815918      -6.07943392      0.968774199    
         389   0.00000000       2.49826908E-03   2.49826908E-03  -1.22814941      -6.08250237      0.971272469    
         390   0.00000000       2.49814987E-03   2.49814987E-03  -1.21899414      -6.08554745      0.973770618    
         391   0.00000000       2.49814987E-03   2.49814987E-03  -1.21057129      -6.08857155      0.976268768    
         392   0.00000000       2.49814987E-03   2.49814987E-03  -1.20324707      -6.09157753      0.978766918    
         393   0.00000000       2.49809027E-03   2.49809027E-03  -1.19689941      -6.09456730      0.981265008    
         394   0.00000000       2.49809027E-03   2.49809027E-03  -1.19128418      -6.09754324      0.983763099    
         395   0.00000000       2.49803066E-03   2.49803066E-03  -1.18640137      -6.10050678      0.986261129    
         396   0.00000000       2.49803066E-03   2.49803066E-03  -1.18237305      -6.10346031      0.988759160    
         397   0.00000000       2.49797106E-03   2.49797106E-03  -1.17907715      -6.10640574      0.991257131    
         398   0.00000000       2.49797106E-03   2.49797106E-03  -1.17675781      -6.10934544      0.993755102    
         399   0.00000000       2.49803066E-03   2.49803066E-03  -1.17456055      -6.11227942      0.996253133    
         400   0.00000000       2.49791145E-03   2.49791145E-03  -1.17346191      -6.11521053      0.998751044    
         401   0.00000000       1.24895573E-03   1.24895573E-03  -1.17309570      -6.11667585       1.00000000    
         402   0.00000000      -1.00000000       1.00000000      -1.17309570      -7.28977156       2.00000000    
