           1   0.00000000       1.00000000      0.988170803      0.964523077      -9.47124386      -9.47265625    
           2   1.24895922E-03   1.00000000      0.988170981      0.964523673      -9.47110081      -9.47265625    
           3   3.74689046E-03   1.00000000      0.988162994      0.964499414      -9.47749615      -9.47888184    
           4   6.24484615E-03   1.00000000      0.988147259      0.964451730      -9.49009514      -9.49145508    
           5   8.74282699E-03   1.00000000      0.988125145      0.964384615      -9.50780010      -9.50903320    
           6   1.12408325E-02   1.00000000      0.988097847      0.964302123      -9.52965736      -9.53088379    
           7   1.37388632E-02   1.00000000      0.988066614      0.964207828      -9.55466461      -9.55578613    
           8   1.62369199E-02   1.00000000      0.988032579      0.964104831      -9.58191490      -9.58288574    
           9   1.87349990E-02   1.00000000      0.987996519      0.963996291      -9.61078739      -9.61169434    
          10   2.12331042E-02   1.00000000      0.987959385      0.963884115      -9.64051914      -9.64135742    
          11   2.37312354E-02   1.00000000      0.987921715      0.963770747      -9.67068005      -9.67150879    
          12   2.62293909E-02   1.00000000      0.987884104      0.963657677      -9.70079327      -9.70153809    
          13   2.87275724E-02   1.00000000      0.987847030      0.963546455      -9.73047733      -9.73120117    
          14   3.12257782E-02   1.00000000      0.987811089      0.963438392      -9.75925541      -9.76000977    
          15   3.37240100E-02   1.00000000      0.987776399      0.963334322      -9.78703022      -9.78784180    
          16   3.62222642E-02   1.00000000      0.987743497      0.963235199      -9.81337357      -9.81396484    
          17   3.87205444E-02   1.00000000      0.987712264      0.963141620      -9.83838081      -9.83911133    
          18   4.12188470E-02   1.00000000      0.987683117      0.963054001      -9.86171722      -9.86230469    
          19   4.37171794E-02   1.00000000      0.987656236      0.962972820      -9.88324070      -9.88378906    
          20   4.62155342E-02   1.00000000      0.987631559      0.962898374      -9.90299797      -9.90344238    
          21   4.87139113E-02   1.00000000      0.987608969      0.962830901      -9.92108536      -9.92163086    
          22   5.12123182E-02   1.00000000      0.987588882      0.962770343      -9.93716812      -9.93774414    
          23   5.37107512E-02   1.00000000      0.987571001      0.962716699      -9.95148468      -9.95202637    
          24   5.62091991E-02   1.00000000      0.987555444      0.962669969      -9.96394062      -9.96447754    
          25   5.87076806E-02   1.00000000      0.987542212      0.962630153      -9.97453499      -9.97509766    
          26   6.12061843E-02   1.00000000      0.987531245      0.962597370      -9.98331642      -9.98388672    
          27   6.37047142E-02   1.00000000      0.987522542      0.962571323      -9.99028397      -9.99072266    
          28   6.62032664E-02   1.00000000      0.987516046      0.962551832      -9.99548626      -9.99597168    
          29   6.87018484E-02   1.00000000      0.987511694      0.962538898      -9.99897003      -9.99951172    
          30   7.12004453E-02   1.00000000      0.987509429      0.962532103      -10.0007830      -10.0013428    
          31   7.36990795E-02   1.00000000      0.987509191      0.962531328      -10.0009747      -10.0014648    
          32   7.61977285E-02   1.00000000      0.987510800      0.962536156      -9.99968529      -10.0002441    
          33   7.86964148E-02   1.00000000      0.987514257      0.962546647      -9.99691772      -9.99743652    
          34   8.11951160E-02   1.00000000      0.987519622      0.962562621      -9.99262238      -9.99316406    
          35   8.36938471E-02   1.00000000      0.987526834      0.962583899      -9.98684788      -9.98730469    
          36   8.61925930E-02   1.00000000      0.987535417      0.962610006      -9.97997570      -9.98046875    
          37   8.86913761E-02   1.00000000      0.987545788      0.962640822      -9.97167206      -9.97204590    
          38   9.11901742E-02   1.00000000      0.987557471      0.962676108      -9.96231842      -9.96289062    
          39   9.36890095E-02   1.00000000      0.987570643      0.962715626      -9.95177174      -9.95239258    
          40   9.61878598E-02   1.00000000      0.987585187      0.962759256      -9.94012642      -9.94067383    
          41   9.86867398E-02   1.00000000      0.987601101      0.962806821      -9.92738438      -9.92785645    
          42  0.101185635       1.00000000      0.987618148      0.962857962      -9.91373539      -9.91418457    
          43  0.103684574       1.00000000      0.987636268      0.962912560      -9.89922810      -9.89978027    
          44  0.106183514       1.00000000      0.987655640      0.962970495      -9.88371754      -9.88427734    
          45  0.108682491       1.00000000      0.987676024      0.963031411      -9.86739635      -9.86779785    
          46  0.111181498       1.00000000      0.987697303      0.963095248      -9.85035896      -9.85083008    
          47  0.113680527       1.00000000      0.987719536      0.963161826      -9.83255863      -9.83300781    
          48  0.116179571       1.00000000      0.987742543      0.963230968      -9.81413651      -9.81457520    
          49  0.118678652       1.00000000      0.987766206      0.963302433      -9.79519081      -9.79577637    
          50  0.121177748       1.00000000      0.987790704      0.963376164      -9.77557659      -9.77624512    
          51  0.123676881       1.00000000      0.987816095      0.963451982      -9.75524616      -9.75585938    
          52  0.126176029       1.00000000      0.987842083      0.963529944      -9.73443890      -9.73498535    
          53  0.128675207       1.00000000      0.987868786      0.963609755      -9.71305847      -9.71350098    
          54  0.131174415       1.00000000      0.987895906      0.963691175      -9.69134426      -9.69189453    
          55  0.133673638       1.00000000      0.987923503      0.963774204      -9.66924858      -9.66979980    
          56  0.136172891       1.00000000      0.987951696      0.963858485      -9.64667511      -9.64721680    
          57  0.138672158       1.00000000      0.987980306      0.963944256      -9.62376785      -9.62426758    
          58  0.141171455       1.00000000      0.988009393      0.964031339      -9.60047913      -9.60095215    
          59  0.143670782       1.00000000      0.988038838      0.964119494      -9.57690334      -9.57727051    
          60  0.146170139       1.00000000      0.988068461      0.964208603      -9.55318546      -9.55371094    
          61  0.148669511       1.00000000      0.988098443      0.964298785      -9.52918053      -9.52966309    
          62  0.151168913       1.00000000      0.988128841      0.964389801      -9.50484085      -9.50524902    
          63  0.153668329       1.00000000      0.988159478      0.964481771      -9.48031139      -9.48071289    
          64  0.156167775       1.00000000      0.988190293      0.964574218      -9.45563793      -9.45605469    
          65  0.158667251       1.00000000      0.988221347      0.964667439      -9.43077469      -9.43115234    
          66  0.161166757       1.00000000      0.988252640      0.964761317      -9.40571976      -9.40612793    
          67  0.163666278       1.00000000      0.988283992      0.964855492      -9.38061714      -9.38110352    
          68  0.166165829       1.00000000      0.988315642      0.964950323      -9.35527611      -9.35583496    
          69  0.168665409       1.00000000      0.988347530      0.965045512      -9.32974434      -9.33020020    
          70  0.171165004       1.00000000      0.988379300      0.965140998      -9.30430698      -9.30480957    
          71  0.173664629       1.00000000      0.988411188      0.965236664      -9.27877522      -9.27929688    
          72  0.176164299       1.00000000      0.988443017      0.965332568      -9.25329113      -9.25378418    
          73  0.178663969       1.00000000      0.988475144      0.965428770      -9.22756767      -9.22802734    
          74  0.181163669       1.00000000      0.988507330      0.965525150      -9.20179749      -9.20227051    
          75  0.183663398       1.00000000      0.988539457      0.965621650      -9.17607403      -9.17651367    
          76  0.186163142       1.00000000      0.988571644      0.965718210      -9.15030384      -9.15075684    
          77  0.188662916       1.00000000      0.988603711      0.965814650      -9.12462807      -9.12512207    
          78  0.191162720       1.00000000      0.988636136      0.965911269      -9.09866714      -9.09912109    
          79  0.193662554       1.00000000      0.988668144      0.966007710      -9.07303905      -9.07348633    
          80  0.196162403       1.00000000      0.988700569      0.966104507      -9.04707813      -9.04748535    
          81  0.198662266       1.00000000      0.988732636      0.966201067      -9.02140236      -9.02185059    
          82  0.201162159       1.00000000      0.988764882      0.966297686      -8.99558449      -8.99597168    
          83  0.203662097       1.00000000      0.988797069      0.966393948      -8.96981335      -8.97021484    
          84  0.206162050       1.00000000      0.988828957      0.966490030      -8.94428158      -8.94470215    
          85  0.208662033       1.00000000      0.988860965      0.966586173      -8.91865444      -8.91906738    
          86  0.211162031       1.00000000      0.988892913      0.966681957      -8.89307404      -8.89355469    
          87  0.213662073       1.00000000      0.988924861      0.966777682      -8.86749458      -8.86804199    
          88  0.216162115       1.00000000      0.988956869      0.966873288      -8.84186745      -8.84228516    
          89  0.218662202       1.00000000      0.988988519      0.966968536      -8.81652546      -8.81689453    
          90  0.221162304       1.00000000      0.989020288      0.967063546      -8.79108906      -8.79150391    
          91  0.223662436       1.00000000      0.989051759      0.967158258      -8.76589108      -8.76635742    
          92  0.226162583       1.00000000      0.989083350      0.967252910      -8.74059772      -8.74096680    
          93  0.228662759       1.00000000      0.989114881      0.967347324      -8.71535206      -8.71569824    
          94  0.231162965       1.00000000      0.989146113      0.967441201      -8.69034481      -8.69079590    
          95  0.233663201       1.00000000      0.989177465      0.967535019      -8.66524220      -8.66564941    
          96  0.236163467       1.00000000      0.989208698      0.967628419      -8.64023590      -8.64062500    
          97  0.238663733       1.00000000      0.989239573      0.967721581      -8.61551476      -8.61596680    
          98  0.241164029       1.00000000      0.989270568      0.967814565      -8.59069824      -8.59106445    
          99  0.243664354       1.00000000      0.989301383      0.967907012      -8.56602573      -8.56652832    
         100  0.246164709       1.00000000      0.989332139      0.967999279      -8.54139996      -8.54187012    
         101  0.248665094       1.00000000      0.989362836      0.968091428      -8.51682281      -8.51721191    
         102  0.251165509       1.00000000      0.989393413      0.968182981      -8.49234009      -8.49279785    
         103  0.253665924       1.00000000      0.989423931      0.968274474      -8.46790600      -8.46826172    
         104  0.256166399       1.00000000      0.989454389      0.968365729      -8.44351959      -8.44384766    
         105  0.258666873       1.00000000      0.989484608      0.968456566      -8.41932392      -8.41967773    
         106  0.261167407       1.00000000      0.989514828      0.968547165      -8.39512825      -8.39550781    
         107  0.263667911       1.00000000      0.989544868      0.968637347      -8.37107563      -8.37145996    
         108  0.266168475       1.00000000      0.989574790      0.968727112      -8.34711838      -8.34753418    
         109  0.268669039       1.00000000      0.989604652      0.968816698      -8.32320881      -8.32360840    
         110  0.271169662       1.00000000      0.989634454      0.968905926      -8.29934692      -8.29968262    
         111  0.273670286       1.00000000      0.989664078      0.968995035      -8.27562809      -8.27600098    
         112  0.276170969       1.00000000      0.989693701      0.969083667      -8.25190926      -8.25231934    
         113  0.278671622       1.00000000      0.989723146      0.969172001      -8.22833443      -8.22863770    
         114  0.281172335       1.00000000      0.989752710      0.969260275      -8.20466328      -8.20507812    
         115  0.283673048       1.00000000      0.989781916      0.969348013      -8.18127918      -8.18164062    
         116  0.286173820       1.00000000      0.989811122      0.969435573      -8.15789413      -8.15820312    
         117  0.288674593       1.00000000      0.989840090      0.969522655      -8.13470078      -8.13513184    
         118  0.291175425       1.00000000      0.989868939      0.969609380      -8.11160278      -8.11193848    
         119  0.293676257       1.00000000      0.989897907      0.969695985      -8.08840942      -8.08874512    
         120  0.296177089       1.00000000      0.989926636      0.969782293      -8.06540680      -8.06579590    
         121  0.298677981       1.00000000      0.989955306      0.969868183      -8.04245186      -8.04272461    
         122  0.301178873       1.00000000      0.989983916      0.969953895      -8.01954460      -8.01989746    
         123  0.303679824       1.00000000      0.990012407      0.970039427      -7.99673223      -7.99707031    
         124  0.306180775       1.00000000      0.990040779      0.970124543      -7.97401619      -7.97436523    
         125  0.308681786       1.00000000      0.990068972      0.970209539      -7.95144272      -7.95190430    
         126  0.311182797       1.00000000      0.990097344      0.970294356      -7.92872667      -7.92907715    
         127  0.313683808       1.00000000      0.990125418      0.970378637      -7.90624857      -7.90661621    
         128  0.316184878       1.00000000      0.990153551      0.970462739      -7.88372326      -7.88403320    
         129  0.318685949       1.00000000      0.990181506      0.970546544      -7.86134100      -7.86169434    
         130  0.321187079       1.00000000      0.990209341      0.970630288      -7.83905411      -7.83935547    
         131  0.323688209       1.00000000      0.990237117      0.970713437      -7.81681490      -7.81713867    
         132  0.326189399       1.00000000      0.990264714      0.970796645      -7.79471922      -7.79504395    
         133  0.328690559       1.00000000      0.990292311      0.970879436      -7.77262306      -7.77294922    
         134  0.331191778       1.00000000      0.990319848      0.970962048      -7.75057507      -7.75097656    
         135  0.333692998       1.00000000      0.990347445      0.971044481      -7.72847891      -7.72875977    
         136  0.336194277       1.00000000      0.990374804      0.971126676      -7.70657396      -7.70690918    
         137  0.338695556       1.00000000      0.990402102      0.971208692      -7.68471670      -7.68518066    
         138  0.341196895       1.00000000      0.990429282      0.971290350      -7.66295481      -7.66333008    
         139  0.343698204       1.00000000      0.990456581      0.971371830      -7.64109707      -7.64135742    
         140  0.346199542       1.00000000      0.990483642      0.971453071      -7.61943102      -7.61975098    
         141  0.348700941       1.00000000      0.990510643      0.971534133      -7.59781218      -7.59814453    
         142  0.351202339       1.00000000      0.990537524      0.971614957      -7.57628870      -7.57666016    
         143  0.353703797       1.00000000      0.990564466      0.971695602      -7.55471802      -7.55505371    
         144  0.356205255       1.00000000      0.990591288      0.971776068      -7.53324223      -7.53356934    
         145  0.358706743       1.00000000      0.990618110      0.971856356      -7.51176691      -7.51208496    
         146  0.361208260       1.00000000      0.990644813      0.971936405      -7.49038649      -7.49072266    
         147  0.363709748       1.00000000      0.990671396      0.972016394      -7.46910191      -7.46948242    
         148  0.366211355       1.00000000      0.990697980      0.972096026      -7.44781733      -7.44812012    
         149  0.368712932       1.00000000      0.990724564      0.972175598      -7.42653275      -7.42687988    
         150  0.371214569       1.00000000      0.990750909      0.972254813      -7.40543890      -7.40576172    
         151  0.373716176       1.00000000      0.990777314      0.972334027      -7.38429737      -7.38464355    
         152  0.376217842       1.00000000      0.990803659      0.972413063      -7.36320353      -7.36352539    
         153  0.378719538       1.00000000      0.990829945      0.972491682      -7.34215736      -7.34240723    
         154  0.381221235       1.00000000      0.990855992      0.972570419      -7.32130241      -7.32165527    
         155  0.383722961       1.00000000      0.990882158      0.972648799      -7.30035162      -7.30065918    
         156  0.386224747       1.00000000      0.990908444      0.972727180      -7.27930593      -7.27966309    
         157  0.388726532       1.00000000      0.990934551      0.972805500      -7.25840282      -7.25866699    
         158  0.391228378       1.00000000      0.990960419      0.972883284      -7.23769093      -7.23803711    
         159  0.393730193       1.00000000      0.990986407      0.972961068      -7.21688366      -7.21716309    
         160  0.396232069       1.00000000      0.991012394      0.973038852      -7.19607592      -7.19641113    
         161  0.398733944       1.00000000      0.991038263      0.973116398      -7.17536402      -7.17565918    
         162  0.401235878       1.00000000      0.991064131      0.973193824      -7.15465212      -7.15478516    
         163  0.403737813       1.00000000      0.991089761      0.973271251      -7.13413095      -7.13439941    
         164  0.406239778       1.00000000      0.991115510      0.973348379      -7.11351442      -7.11376953    
         165  0.408741772       1.00000000      0.991141081      0.973425388      -7.09304094      -7.09326172    
         166  0.411243737       1.00000000      0.991166770      0.973502338      -7.07247257      -7.07275391    
         167  0.413745821       1.00000000      0.991192400      0.973578990      -7.05195141      -7.05224609    
         168  0.416247874       1.00000000      0.991217911      0.973655641      -7.03152561      -7.03186035    
         169  0.418749988       1.00000000      0.991243422      0.973732173      -7.01109982      -7.01147461    
         170  0.421252072       1.00000000      0.991268754      0.973808587      -6.99081755      -6.99121094    
         171  0.423754215       1.00000000      0.991294384      0.973885119      -6.97029638      -6.97058105    
         172  0.426256388       1.00000000      0.991319835      0.973961532      -6.94991875      -6.95019531    
         173  0.428758562       1.00000000      0.991345286      0.974037647      -6.92954063      -6.92980957    
         174  0.431260765       1.00000000      0.991370559      0.974113882      -6.90930605      -6.90954590    
         175  0.433763027       1.00000000      0.991395891      0.974189579      -6.88902330      -6.88928223    
         176  0.436265290       1.00000000      0.991421103      0.974265516      -6.86883640      -6.86914062    
         177  0.438767612       1.00000000      0.991446435      0.974341154      -6.84855413      -6.84887695    
         178  0.441269904       1.00000000      0.991471648      0.974416792      -6.82836676      -6.82861328    
         179  0.443772256       1.00000000      0.991496801      0.974492311      -6.80822754      -6.80847168    
         180  0.446274608       1.00000000      0.991522074      0.974568069      -6.78799295      -6.78820801    
         181  0.448777020       1.00000000      0.991547287      0.974643528      -6.76780605      -6.76806641    
         182  0.451279432       1.00000000      0.991572440      0.974719167      -6.74766636      -6.74792480    
         183  0.453781873       1.00000000      0.991597533      0.974794567      -6.72757483      -6.72790527    
         184  0.456284344       1.00000000      0.991622686      0.974869967      -6.70743561      -6.70764160    
         185  0.458786786       1.00000000      0.991647720      0.974945128      -6.68739176      -6.68774414    
         186  0.461289346       1.00000000      0.991672873      0.975020289      -6.66725254      -6.66760254    
         187  0.463791877       1.00000000      0.991697967      0.975095451      -6.64716101      -6.64733887    
         188  0.466294467       1.00000000      0.991722882      0.975170612      -6.62721252      -6.62756348    
         189  0.468797058       1.00000000      0.991747916      0.975245535      -6.60716867      -6.60742188    
         190  0.471299708       1.00000000      0.991773009      0.975320816      -6.58707714      -6.58728027    
         191  0.473802328       1.00000000      0.991797984      0.975395799      -6.56708097      -6.56738281    
         192  0.476304978       1.00000000      0.991822958      0.975470603      -6.54708481      -6.54736328    
         193  0.478807688       1.00000000      0.991847873      0.975545645      -6.52713633      -6.52746582    
         194  0.481310397       1.00000000      0.991873085      0.975620747      -6.50694942      -6.50720215    
         195  0.483813167       1.00000000      0.991898119      0.975695729      -6.48690557      -6.48706055    
         196  0.486315906       1.00000000      0.991923094      0.975770772      -6.46690941      -6.46716309    
         197  0.488818705       1.00000000      0.991948009      0.975845754      -6.44696093      -6.44726562    
         198  0.491321504       1.00000000      0.991973102      0.975920737      -6.42686939      -6.42700195    
         199  0.493824363       1.00000000      0.991997957      0.975995660      -6.40696859      -6.40734863    
         200  0.496327251       1.00000000      0.992022991      0.976070702      -6.38692474      -6.38720703    
         201  0.498830140       1.00000000      0.992047906      0.976145744      -6.36697674      -6.36730957    
         202  0.501251459       1.00000000      0.992072165      0.976218522      -6.34755325      -6.34790039    
         203  0.503672719       1.00000000      0.992096484      0.976291299      -6.32808208      -6.32836914    
         204  0.506175637       1.00000000      0.992121577      0.976366639      -6.30799055      -6.30822754    
         205  0.508678436       1.00000000      0.992146730      0.976442158      -6.28785086      -6.28808594    
         206  0.511181295       1.00000000      0.992171884      0.976517439      -6.26771164      -6.26806641    
         207  0.513684094       1.00000000      0.992197037      0.976592898      -6.24757242      -6.24780273    
         208  0.516186833       1.00000000      0.992222309      0.976668656      -6.22733784      -6.22753906    
         209  0.518689632       1.00000000      0.992247403      0.976744235      -6.20724630      -6.20751953    
         210  0.521192312       1.00000000      0.992272735      0.976820052      -6.18696356      -6.18725586    
         211  0.523694992       1.00000000      0.992298186      0.976895988      -6.16658592      -6.16674805    
         212  0.526197672       1.00000000      0.992323518      0.976971924      -6.14630318      -6.14648438    
         213  0.528700352       1.00000000      0.992348790      0.977047980      -6.12606859      -6.12634277    
         214  0.531202912       1.00000000      0.992374301      0.977124274      -6.10564280      -6.10583496    
         215  0.533705533       1.00000000      0.992399633      0.977200568      -6.08536053      -6.08557129    
         216  0.536208093       1.00000000      0.992425144      0.977276921      -6.06493473      -6.06506348    
         217  0.538710594       1.00000000      0.992450595      0.977353513      -6.04455709      -6.04479980    
         218  0.541213155       1.00000000      0.992476225      0.977430344      -6.02403593      -6.02429199    
         219  0.543715596       1.00000000      0.992501855      0.977507353      -6.00351477      -6.00378418    
         220  0.546218097       1.00000000      0.992527664      0.977584362      -5.98285055      -5.98315430    
         221  0.548720539       1.00000000      0.992553413      0.977661550      -5.96223402      -5.96240234    
         222  0.551222920       1.00000000      0.992579222      0.977739036      -5.94156981      -5.94177246    
         223  0.553725362       1.00000000      0.992605031      0.977816641      -5.92090559      -5.92114258    
         224  0.556227684       1.00000000      0.992630959      0.977894604      -5.90014553      -5.90039062    
         225  0.558730066       1.00000000      0.992657065      0.977972627      -5.87924290      -5.87951660    
         226  0.561232388       1.00000000      0.992683113      0.978050888      -5.85838795      -5.85864258    
         227  0.563734651       1.00000000      0.992709339      0.978129506      -5.83738947      -5.83764648    
         228  0.566236973       1.00000000      0.992735565      0.978208125      -5.81639099      -5.81665039    
         229  0.568739176       1.00000000      0.992761970      0.978287160      -5.79524946      -5.79541016    
         230  0.571241379       1.00000000      0.992788374      0.978366613      -5.77410793      -5.77429199    
         231  0.573743582       1.00000000      0.992814839      0.978445888      -5.75291872      -5.75317383    
         232  0.576245785       1.00000000      0.992841482      0.978525758      -5.73158646      -5.73181152    
         233  0.578747869       1.00000000      0.992868185      0.978605807      -5.71020651      -5.71032715    
         234  0.581250012       1.00000000      0.992895007      0.978686333      -5.68873072      -5.68896484    
         235  0.583752096       1.00000000      0.992921948      0.978766918      -5.66716003      -5.66735840    
         236  0.586254120       1.00000000      0.992948890      0.978847980      -5.64558887      -5.64587402    
         237  0.588756204       1.00000000      0.992975950      0.978929341      -5.62392235      -5.62414551    
         238  0.591258168       1.00000000      0.993003130      0.979010820      -5.60216045      -5.60229492    
         239  0.593760192       1.00000000      0.993030488      0.979092896      -5.58025551      -5.58044434    
         240  0.596262157       1.00000000      0.993058026      0.979175210      -5.55820704      -5.55834961    
         241  0.598764062       1.00000000      0.993085504      0.979258001      -5.53620672      -5.53637695    
         242  0.601266026       1.00000000      0.993113160      0.979340971      -5.51406288      -5.51428223    
         243  0.603767872       1.00000000      0.993141055      0.979424477      -5.49172831      -5.49194336    
         244  0.606269777       1.00000000      0.993168950      0.979508340      -5.46939373      -5.46960449    
         245  0.608771622       1.00000000      0.993197024      0.979592502      -5.44691610      -5.44714355    
         246  0.611273408       1.00000000      0.993225336      0.979677320      -5.42424726      -5.42443848    
         247  0.613775253       1.00000000      0.993253708      0.979762375      -5.40153122      -5.40173340    
         248  0.616276979       1.00000000      0.993282199      0.979847848      -5.37871933      -5.37890625    
         249  0.618778706       1.00000000      0.993310869      0.979933918      -5.35576439      -5.35595703    
         250  0.621280432       1.00000000      0.993339658      0.980020285      -5.33271408      -5.33300781    
         251  0.623782158       1.00000000      0.993368566      0.980107009      -5.30956793      -5.30969238    
         252  0.626283765       1.00000000      0.993397534      0.980194271      -5.28637457      -5.28662109    
         253  0.628785431       1.00000000      0.993426859      0.980282068      -5.26289463      -5.26306152    
         254  0.631287038       1.00000000      0.993456364      0.980370283      -5.23927164      -5.23950195    
         255  0.633788586       1.00000000      0.993485808      0.980459034      -5.21569586      -5.21594238    
         256  0.636290193       1.00000000      0.993515611      0.980548203      -5.19183445      -5.19201660    
         257  0.638791680       1.00000000      0.993545532      0.980638027      -5.16787720      -5.16809082    
         258  0.641293228       1.00000000      0.993575692      0.980728328      -5.14372921      -5.14392090    
         259  0.643794715       1.00000000      0.993605912      0.980819166      -5.11953306      -5.11975098    
         260  0.646296144       1.00000000      0.993636429      0.980910540      -5.09509897      -5.09533691    
         261  0.648797631       1.00000000      0.993667066      0.981002569      -5.07056904      -5.07080078    
         262  0.651299000       1.00000000      0.993697822      0.981094897      -5.04594374      -5.04614258    
         263  0.653800428       1.00000000      0.993728876      0.981187940      -5.02108002      -5.02124023    
         264  0.656301796       1.00000000      0.993760109      0.981281579      -4.99607277      -4.99633789    
         265  0.658803105       1.00000000      0.993791521      0.981375754      -4.97092247      -4.97106934    
         266  0.661304474       1.00000000      0.993823171      0.981470585      -4.94558144      -4.94580078    
         267  0.663805723       1.00000000      0.993854880      0.981565833      -4.92019224      -4.92041016    
         268  0.666306973       1.00000000      0.993886709      0.981661737      -4.89470816      -4.89489746    
         269  0.668808222       1.00000000      0.993918896      0.981758177      -4.86893749      -4.86914062    
         270  0.671309471       1.00000000      0.993951380      0.981855273      -4.84292793      -4.84313965    
         271  0.673810601       1.00000000      0.993983865      0.981953084      -4.81691885      -4.81713867    
         272  0.676311791       1.00000000      0.994016588      0.982051134      -4.79071856      -4.79089355    
         273  0.678812861       1.00000000      0.994049609      0.982149959      -4.76427984      -4.76440430    
         274  0.681313992       1.00000000      0.994082749      0.982249737      -4.73774576      -4.73791504    
         275  0.683815062       1.00000000      0.994116247      0.982349932      -4.71092510      -4.71105957    
         276  0.686316133       1.00000000      0.994149983      0.982450843      -4.68391371      -4.68395996    
         277  0.688817203       1.00000000      0.994183660      0.982552350      -4.65695000      -4.65710449    
         278  0.691318214       1.00000000      0.994217753      0.982654393      -4.62965202      -4.62976074    
         279  0.693819165       1.00000000      0.994252026      0.982757270      -4.60221100      -4.60241699    
         280  0.696320176       1.00000000      0.994286597      0.982860684      -4.57453156      -4.57470703    
         281  0.698821068       1.00000000      0.994321227      0.982964814      -4.54680395      -4.54699707    
         282  0.701321959       1.00000000      0.994356155      0.983069658      -4.51883841      -4.51904297    
         283  0.703822851       1.00000000      0.994391143      0.983175039      -4.49082470      -4.49108887    
         284  0.706323743       1.00000000      0.994426608      0.983281195      -4.46242905      -4.46252441    
         285  0.708824515       1.00000000      0.994462252      0.983387887      -4.43389034      -4.43408203    
         286  0.711325347       1.00000000      0.994498074      0.983495355      -4.40520859      -4.40539551    
         287  0.713826120       1.00000000      0.994534135      0.983603537      -4.37633610      -4.37646484    
         288  0.716326892       1.00000000      0.994570374      0.983712196      -4.34732008      -4.34753418    
         289  0.718827605       1.00000000      0.994606972      0.983821869      -4.31801796      -4.31823730    
         290  0.721328378       1.00000000      0.994643629      0.983932078      -4.28866816      -4.28881836    
         291  0.723829031       1.00000000      0.994680583      0.984042823      -4.25907946      -4.25927734    
         292  0.726329684       1.00000000      0.994717777      0.984154403      -4.22930002      -4.22949219    
         293  0.728830338       1.00000000      0.994755089      0.984266520      -4.19942522      -4.19958496    
         294  0.731330872       1.00000000      0.994792819      0.984379470      -4.16921616      -4.16931152    
         295  0.733831525       1.00000000      0.994830668      0.984493017      -4.13891172      -4.13903809    
         296  0.736332059       1.00000000      0.994868875      0.984607339      -4.10832119      -4.10839844    
         297  0.738832593       1.00000000      0.994907141      0.984722137      -4.07768250      -4.07788086    
         298  0.741333127       1.00000000      0.994945467      0.984837472      -4.04699659      -4.04724121    
         299  0.743833542       1.00000000      0.994984210      0.984953821      -4.01597595      -4.01611328    
         300  0.746334016       1.00000000      0.995023310      0.985070705      -3.98466969      -3.98474121    
         301  0.748834491       1.00000000      0.995062470      0.985188305      -3.95331526      -3.95349121    
         302  0.751334846       1.00000000      0.995101810      0.985306442      -3.92181778      -3.92199707    
         303  0.753835201       1.00000000      0.995141387      0.985425293      -3.89012933      -3.89038086    
         304  0.756335616       1.00000000      0.995181143      0.985544741      -3.85829782      -3.85852051    
         305  0.758835912       1.00000000      0.995221317      0.985664785      -3.82613230      -3.82617188    
         306  0.761336207       1.00000000      0.995261550      0.985785723      -3.79391885      -3.79406738    
         307  0.763836503       1.00000000      0.995302081      0.985907018      -3.76146698      -3.76159668    
         308  0.766336799       1.00000000      0.995342731      0.986029148      -3.72891951      -3.72912598    
         309  0.768837035       1.00000000      0.995383739      0.986151874      -3.69608593      -3.69616699    
         310  0.771337271       1.00000000      0.995424807      0.986275196      -3.66320443      -3.66333008    
         311  0.773837388       1.00000000      0.995466053      0.986399293      -3.63017988      -3.63037109    
         312  0.776337504       1.00000000      0.995507658      0.986523747      -3.59686875      -3.59704590    
         313  0.778837681       1.00000000      0.995549381      0.986649036      -3.56346250      -3.56359863    
         314  0.781337738       1.00000000      0.995591342      0.986774921      -3.52986503      -3.52990723    
         315  0.783837855       1.00000000      0.995633304      0.986901283      -3.49626780      -3.49645996    
         316  0.786337912       1.00000000      0.995675683      0.987028003      -3.46233630      -3.46252441    
         317  0.788837910       1.00000000      0.995718300      0.987155616      -3.42821407      -3.42834473    
         318  0.791337967       1.00000000      0.995760977      0.987283885      -3.39404416      -3.39428711    
         319  0.793837905       1.00000000      0.995803833      0.987412572      -3.35973096      -3.35986328    
         320  0.796337843       1.00000000      0.995847046      0.987541735      -3.32513142      -3.32519531    
         321  0.798837781       1.00000000      0.995890379      0.987671793      -3.29043651      -3.29052734    
         322  0.801337659       1.00000000      0.995933890      0.987802207      -3.25559831      -3.25561523    
         323  0.803837538       1.00000000      0.995977521      0.987933218      -3.22066474      -3.22070312    
         324  0.806337416       1.00000000      0.996021330      0.988064647      -3.18558812      -3.18579102    
         325  0.808837235       1.00000000      0.996065199      0.988196433      -3.15046358      -3.15063477    
         326  0.811337054       1.00000000      0.996109307      0.988328993      -3.11514831      -3.11535645    
         327  0.813836873       1.00000000      0.996153712      0.988461852      -3.07959437      -3.07971191    
         328  0.816336632       1.00000000      0.996198177      0.988595188      -3.04399252      -3.04418945    
         329  0.818836331       1.00000000      0.996242762      0.988729119      -3.00829554      -3.00842285    
         330  0.821336031       1.00000000      0.996287525      0.988863528      -2.97245526      -2.97265625    
         331  0.823835671       1.00000000      0.996332526      0.988998234      -2.93642402      -2.93652344    
         332  0.826335311       1.00000000      0.996377587      0.989133418      -2.90034509      -2.90039062    
         333  0.828835011       1.00000000      0.996422648      0.989268601      -2.86426616      -2.86437988    
         334  0.831334591       1.00000000      0.996467948      0.989404500      -2.82799625      -2.82812500    
         335  0.833834171       1.00000000      0.996513367      0.989540696      -2.79163098      -2.79174805    
         336  0.836333752       1.00000000      0.996558785      0.989677191      -2.75526571      -2.75537109    
         337  0.838833213       1.00000000      0.996604383      0.989813864      -2.71875739      -2.71887207    
         338  0.841332793       1.00000000      0.996649861      0.989950657      -2.68234444      -2.68249512    
         339  0.843832195       1.00000000      0.996695638      0.990087628      -2.64569283      -2.64575195    
         340  0.846331596       1.00000000      0.996741474      0.990225077      -2.60899329      -2.60900879    
         341  0.848831058       1.00000000      0.996787250      0.990362287      -2.57234168      -2.57238770    
         342  0.851330459       1.00000000      0.996833026      0.990499854      -2.53569007      -2.53576660    
         343  0.853829861       1.00000000      0.996878684      0.990637064      -2.49913406      -2.49926758    
         344  0.856329203       1.00000000      0.996924520      0.990774512      -2.46243477      -2.46252441    
         345  0.858828545       1.00000000      0.996970356      0.990911722      -2.42573524      -2.42578125    
         346  0.861327887       1.00000000      0.997016013      0.991048932      -2.38917923      -2.38940430    
         347  0.863827109       1.00000000      0.997061610      0.991185784      -2.35267067      -2.35290527    
         348  0.866326392       1.00000000      0.997107208      0.991322458      -2.31616235      -2.31628418    
         349  0.868825674       1.00000000      0.997152746      0.991458833      -2.27970147      -2.27978516    
         350  0.871324778       1.00000000      0.997197926      0.991594613      -2.24352717      -2.24365234    
         351  0.873824000       1.00000000      0.997242928      0.991729677      -2.20749593      -2.20764160    
         352  0.876323104       1.00000000      0.997287869      0.991864204      -2.17151260      -2.17163086    
         353  0.878822267       1.00000000      0.997332454      0.991998076      -2.13581538      -2.13598633    
         354  0.881321371       1.00000000      0.997376800      0.992131233      -2.10030913      -2.10034180    
         355  0.883820474       1.00000000      0.997420847      0.992263317      -2.06504154      -2.06518555    
         356  0.886319518       1.00000000      0.997464538      0.992394507      -2.03006029      -2.03015137    
         357  0.888818502       1.00000000      0.997507870      0.992524624      -1.99536526      -1.99548340    
         358  0.891317546       1.00000000      0.997550786      0.992653370      -1.96100438      -1.96118164    
         359  0.893816590       1.00000000      0.997593284      0.992780745      -1.92697752      -1.92712402    
         360  0.896315455       1.00000000      0.997635186      0.992906749      -1.89342797      -1.89355469    
         361  0.898814440       1.00000000      0.997676671      0.993031085      -1.86021245      -1.86035156    
         362  0.901313305       1.00000000      0.997717500      0.993153691      -1.82752180      -1.82763672    
         363  0.903812170       1.00000000      0.997757733      0.993274570      -1.79530847      -1.79553223    
         364  0.906311035       1.00000000      0.997797430      0.993393481      -1.76352465      -1.76367188    
         365  0.908809900       1.00000000      0.997836351      0.993510187      -1.73236132      -1.73254395    
         366  0.911308646       1.00000000      0.997874498      0.993624568      -1.70181823      -1.70202637    
         367  0.913807452       1.00000000      0.997911811      0.993736684      -1.67194343      -1.67211914    
         368  0.916306138       1.00000000      0.997948349      0.993846357      -1.64268887      -1.64294434    
         369  0.918804884       1.00000000      0.997983992      0.993953288      -1.61415029      -1.61437988    
         370  0.921303570       1.00000000      0.998018742      0.994057715      -1.58632755      -1.58654785    
         371  0.923802257       1.00000000      0.998052597      0.994159222      -1.55922055      -1.55944824    
         372  0.926300943       1.00000000      0.998085380      0.994257689      -1.53297269      -1.53320312    
         373  0.928799570       1.00000000      0.998117149      0.994352996      -1.50753605      -1.50781250    
         374  0.931298137       1.00000000      0.998147845      0.994445324      -1.48295856      -1.48315430    
         375  0.933796763       1.00000000      0.998177469      0.994534194      -1.45923996      -1.45947266    
         376  0.936295271       1.00000000      0.998206019      0.994619727      -1.43638039      -1.43652344    
         377  0.938793838       1.00000000      0.998233497      0.994701922      -1.41437995      -1.41455078    
         378  0.941292286       1.00000000      0.998259664      0.994780540      -1.39342928      -1.39355469    
         379  0.943790793       1.00000000      0.998284519      0.994855344      -1.37352860      -1.37390137    
         380  0.946289241       1.00000000      0.998308361      0.994926751      -1.35443926      -1.35473633    
         381  0.948787689       1.00000000      0.998331010      0.994994462      -1.33630443      -1.33654785    
         382  0.951286077       1.00000000      0.998352289      0.995058358      -1.31926715      -1.31945801    
         383  0.953784466       1.00000000      0.998372436      0.995118558      -1.30313659      -1.30334473    
         384  0.956282854       1.00000000      0.998391151      0.995174825      -1.28815138      -1.28845215    
         385  0.958781123       1.00000000      0.998408735      0.995227635      -1.27407300      -1.27429199    
         386  0.961279452       1.00000000      0.998425066      0.995276451      -1.26099682      -1.26123047    
         387  0.963777781       1.00000000      0.998440027      0.995321631      -1.24901819      -1.24926758    
         388  0.966275990       1.00000000      0.998453856      0.995363116      -1.23794639      -1.23815918    
         389  0.968774199       1.00000000      0.998466372      0.995401084      -1.22792447      -1.22814941    
         390  0.971272469       1.00000000      0.998477876      0.995435357      -1.21871376      -1.21899414    
         391  0.973770618       1.00000000      0.998488247      0.995466232      -1.21040988      -1.21057129    
         392  0.976268768       1.00000000      0.998497367      0.995493591      -1.20310819      -1.20324707    
         393  0.978766918       1.00000000      0.998505414      0.995517790      -1.19666553      -1.19689941    
         394  0.981265008       1.00000000      0.998512447      0.995538890      -1.19103420      -1.19128418    
         395  0.983763099       1.00000000      0.998518527      0.995556951      -1.18616641      -1.18640137    
         396  0.986261129       1.00000000      0.998523474      0.995571852      -1.18220532      -1.18237305    
         397  0.988759160       1.00000000      0.998527527      0.995584071      -1.17896020      -1.17907715    
         398  0.991257131       1.00000000      0.998530626      0.995593369      -1.17647851      -1.17675781    
         399  0.993755102       1.00000000      0.998533130      0.995600283      -1.17447412      -1.17456055    
         400  0.996253133       1.00000000      0.998534560      0.995604634      -1.17332876      -1.17346191    
         401  0.998751044       1.00000000      0.998535156      0.995606542      -1.17285156      -1.17309570    
         402   1.00000000       1.00000000      0.998535097      0.995606363      -1.17289925      -1.17309570    
