 TITLE = "RESIDUES"
 VARIABLES =ITER,CONT,UMOM,VMOM,TEMP
   1   0.704829E-01   0.906293E+01   0.263584E+00   0.639886E+01
   2   0.483945E-01   0.140899E+02   0.122272E+01   0.224526E+01
   3   0.266891E-01   0.104390E+02   0.119572E+01   0.111712E+01
   4   0.120032E-01   0.790607E+01   0.120573E+01   0.726728E+00
   5   0.106768E-01   0.724901E+01   0.122377E+01   0.553760E+00
   6   0.966496E-02   0.674427E+01   0.124823E+01   0.451485E+00
   7   0.895106E-02   0.637289E+01   0.127332E+01   0.385795E+00
   8   0.852786E-02   0.609978E+01   0.129739E+01   0.338202E+00
   9   0.818866E-02   0.587687E+01   0.132026E+01   0.302701E+00
  10   0.790752E-02   0.568948E+01   0.134187E+01   0.274680E+00
  11   0.766921E-02   0.552869E+01   0.136214E+01   0.252136E+00
  12   0.746308E-02   0.538816E+01   0.138111E+01   0.233445E+00
  13   0.728109E-02   0.526373E+01   0.139886E+01   0.217722E+00
  14   0.711680E-02   0.515304E+01   0.141547E+01   0.204253E+00
  15   0.696007E-02   0.505585E+01   0.143104E+01   0.192589E+00
  16   0.679027E-02   0.497687E+01   0.144566E+01   0.182366E+00
  17   0.656839E-02   0.493053E+01   0.145936E+01   0.173327E+00
  18   0.623503E-02   0.494211E+01   0.147222E+01   0.165270E+00
  19   0.572264E-02   0.504035E+01   0.148423E+01   0.158035E+00
  20   0.497715E-02   0.523807E+01   0.149536E+01   0.151497E+00
  21   0.398361E-02   0.551275E+01   0.150574E+01   0.145559E+00
  22   0.278202E-02   0.580633E+01   0.151555E+01   0.140135E+00
  23   0.148738E-02   0.604606E+01   0.152490E+01   0.135162E+00
  24   0.669994E-03   0.617112E+01   0.153427E+01   0.130582E+00
  25   0.156857E-02   0.614991E+01   0.154365E+01   0.126348E+00
  26   0.268630E-02   0.598515E+01   0.155309E+01   0.122421E+00
  27   0.363187E-02   0.571096E+01   0.156259E+01   0.118767E+00
  28   0.435658E-02   0.537686E+01   0.157204E+01   0.115357E+00
  29   0.486719E-02   0.503493E+01   0.158144E+01   0.112168E+00
  30   0.519598E-02   0.472707E+01   0.159071E+01   0.109176E+00
  31   0.538574E-02   0.447721E+01   0.159991E+01   0.106364E+00
  32   0.547904E-02   0.429059E+01   0.160898E+01   0.103716E+00
  33   0.551180E-02   0.415872E+01   0.161794E+01   0.101216E+00
  34   0.551220E-02   0.406659E+01   0.162672E+01   0.988515E-01
  35   0.550087E-02   0.399848E+01   0.163535E+01   0.966122E-01
  36   0.549439E-02   0.394034E+01   0.164376E+01   0.944865E-01
  37   0.550763E-02   0.387976E+01   0.165201E+01   0.924655E-01
  38   0.555462E-02   0.380474E+01   0.166004E+01   0.905423E-01
  39   0.564759E-02   0.370314E+01   0.166785E+01   0.887091E-01
  40   0.579343E-02   0.356208E+01   0.167551E+01   0.869594E-01
  41   0.599032E-02   0.336997E+01   0.168319E+01   0.852861E-01
  42   0.622530E-02   0.311703E+01   0.169059E+01   0.836866E-01
  43   0.647579E-02   0.279806E+01   0.169804E+01   0.821554E-01
  44   0.671350E-02   0.241445E+01   0.170555E+01   0.806878E-01
  45   0.690964E-02   0.197583E+01   0.171302E+01   0.792803E-01
  46   0.703988E-02   0.150355E+01   0.172042E+01   0.779292E-01
  47   0.708832E-02   0.104347E+01   0.172777E+01   0.766317E-01
  48   0.704889E-02   0.718526E+00   0.173509E+01   0.753841E-01
  49   0.692584E-02   0.764170E+00   0.174236E+01   0.741835E-01
  50   0.673229E-02   0.111400E+01   0.174964E+01   0.730285E-01
  51   0.648740E-02   0.153671E+01   0.175687E+01   0.719149E-01
  52   0.621355E-02   0.194318E+01   0.176424E+01   0.708406E-01
  53   0.593274E-02   0.230382E+01   0.177160E+01   0.698041E-01
  54   0.566359E-02   0.260840E+01   0.177906E+01   0.688026E-01
  55   0.541889E-02   0.285574E+01   0.178658E+01   0.678342E-01
  56   0.520412E-02   0.305055E+01   0.179407E+01   0.668963E-01
  57   0.501757E-02   0.320098E+01   0.180151E+01   0.659887E-01
  58   0.485157E-02   0.331760E+01   0.180884E+01   0.651091E-01
  59   0.469418E-02   0.341199E+01   0.181593E+01   0.642558E-01
  60   0.453154E-02   0.349562E+01   0.182278E+01   0.634283E-01
  61   0.434930E-02   0.357875E+01   0.182934E+01   0.626247E-01
  62   0.413447E-02   0.366950E+01   0.183558E+01   0.618453E-01
  63   0.387626E-02   0.377267E+01   0.184149E+01   0.610858E-01
  64   0.356702E-02   0.388961E+01   0.184709E+01   0.603490E-01
  65   0.320273E-02   0.401766E+01   0.185242E+01   0.596323E-01
  66   0.278339E-02   0.415110E+01   0.185753E+01   0.589350E-01
  67   0.231309E-02   0.428188E+01   0.186244E+01   0.582566E-01
  68   0.179977E-02   0.440098E+01   0.186722E+01   0.575947E-01
  69   0.125594E-02   0.449958E+01   0.187193E+01   0.569514E-01
  70   0.702630E-03   0.457022E+01   0.187656E+01   0.563241E-01
  71   0.251102E-03   0.460732E+01   0.188115E+01   0.557125E-01
  72   0.544779E-03   0.460807E+01   0.188567E+01   0.551165E-01
  73   0.106934E-02   0.457224E+01   0.189009E+01   0.545349E-01
  74   0.158129E-02   0.450233E+01   0.189440E+01   0.539675E-01
  75   0.205728E-02   0.440284E+01   0.189856E+01   0.534144E-01
  76   0.248863E-02   0.427976E+01   0.190260E+01   0.528739E-01
  77   0.287176E-02   0.413996E+01   0.190647E+01   0.523464E-01
  78   0.320691E-02   0.399019E+01   0.191019E+01   0.518309E-01
  79   0.349744E-02   0.383622E+01   0.191376E+01   0.513276E-01
  80   0.374919E-02   0.368236E+01   0.191721E+01   0.508357E-01
  81   0.396973E-02   0.353077E+01   0.192060E+01   0.503546E-01
  82   0.416736E-02   0.338157E+01   0.192388E+01   0.498847E-01
  83   0.435023E-02   0.323281E+01   0.192715E+01   0.494252E-01
  84   0.452525E-02   0.308098E+01   0.193042E+01   0.489751E-01
  85   0.469727E-02   0.292184E+01   0.193359E+01   0.485349E-01
  86   0.486853E-02   0.275101E+01   0.193672E+01   0.481043E-01
  87   0.503863E-02   0.256459E+01   0.193978E+01   0.476818E-01
  88   0.520473E-02   0.236000E+01   0.194270E+01   0.472691E-01
  89   0.536179E-02   0.213631E+01   0.194542E+01   0.468633E-01
  90   0.550400E-02   0.189469E+01   0.194795E+01   0.464660E-01
  91   0.562510E-02   0.163902E+01   0.195031E+01   0.460764E-01
  92   0.571915E-02   0.137705E+01   0.195237E+01   0.456939E-01
  93   0.578151E-02   0.112281E+01   0.195419E+01   0.453186E-01
  94   0.580887E-02   0.902328E+00   0.195578E+01   0.449500E-01
  95   0.579973E-02   0.761775E+00   0.195709E+01   0.445876E-01
  96   0.575439E-02   0.754187E+00   0.195821E+01   0.442324E-01
  97   0.567477E-02   0.880430E+00   0.195915E+01   0.438828E-01
  98   0.556411E-02   0.108687E+01   0.195989E+01   0.435390E-01
  99   0.542671E-02   0.132624E+01   0.196050E+01   0.432014E-01
 100   0.526723E-02   0.157258E+01   0.196105E+01   0.428697E-01
 101   0.509039E-02   0.181294E+01   0.196154E+01   0.425437E-01
 102   0.490017E-02   0.204083E+01   0.196203E+01   0.422227E-01
 103   0.469979E-02   0.225343E+01   0.196256E+01   0.419075E-01
 104   0.449102E-02   0.245015E+01   0.196317E+01   0.415974E-01
 105   0.427453E-02   0.263171E+01   0.196389E+01   0.412929E-01
 106   0.404936E-02   0.279977E+01   0.196472E+01   0.409932E-01
 107   0.381400E-02   0.295615E+01   0.196573E+01   0.406988E-01
 108   0.356593E-02   0.310264E+01   0.196696E+01   0.404089E-01
 109   0.330266E-02   0.324057E+01   0.196841E+01   0.401238E-01
 110   0.302216E-02   0.337072E+01   0.197010E+01   0.398437E-01
 111   0.272256E-02   0.349302E+01   0.197204E+01   0.395681E-01
 112   0.240351E-02   0.360677E+01   0.197424E+01   0.392969E-01
 113   0.206557E-02   0.371031E+01   0.197669E+01   0.390304E-01
 114   0.171057E-02   0.380186E+01   0.197938E+01   0.387677E-01
 115   0.134203E-02   0.387924E+01   0.198230E+01   0.385092E-01
 116   0.965710E-03   0.394042E+01   0.198544E+01   0.382552E-01
 117   0.594453E-03   0.398352E+01   0.198876E+01   0.380043E-01
 118   0.289414E-03   0.400722E+01   0.199224E+01   0.377579E-01
 119   0.360591E-03   0.401066E+01   0.199587E+01   0.375149E-01
 120   0.695681E-03   0.399369E+01   0.199962E+01   0.372754E-01
 121   0.106033E-02   0.395666E+01   0.200344E+01   0.370394E-01
 122   0.142097E-02   0.390051E+01   0.200733E+01   0.368068E-01
 123   0.176915E-02   0.382663E+01   0.201128E+01   0.365775E-01
 124   0.210109E-02   0.373665E+01   0.201524E+01   0.363513E-01
 125   0.241494E-02   0.363234E+01   0.201915E+01   0.361284E-01
 126   0.271002E-02   0.351552E+01   0.202299E+01   0.359084E-01
 127   0.298637E-02   0.338763E+01   0.202677E+01   0.356915E-01
 128   0.324472E-02   0.325009E+01   0.203057E+01   0.354775E-01
 129   0.348595E-02   0.310374E+01   0.203429E+01   0.352660E-01
 130   0.371108E-02   0.294920E+01   0.203794E+01   0.350576E-01
 131   0.392091E-02   0.278680E+01   0.204162E+01   0.348522E-01
 132   0.411598E-02   0.261659E+01   0.204527E+01   0.346495E-01
 133   0.429628E-02   0.243871E+01   0.204877E+01   0.344494E-01
 134   0.446145E-02   0.225337E+01   0.205223E+01   0.342519E-01
 135   0.461048E-02   0.206127E+01   0.205558E+01   0.340573E-01
 136   0.474220E-02   0.186356E+01   0.205883E+01   0.338649E-01
 137   0.485508E-02   0.166252E+01   0.206198E+01   0.336758E-01
 138   0.494748E-02   0.146179E+01   0.206503E+01   0.334889E-01
 139   0.501799E-02   0.126726E+01   0.206797E+01   0.333048E-01
 140   0.506537E-02   0.108842E+01   0.207080E+01   0.331233E-01
 141   0.508863E-02   0.940202E+00   0.207351E+01   0.329439E-01
 142   0.508730E-02   0.843507E+00   0.207610E+01   0.327673E-01
 143   0.506137E-02   0.819100E+00   0.207856E+01   0.325931E-01
 144   0.501126E-02   0.872854E+00   0.208089E+01   0.324213E-01
 145   0.493778E-02   0.989726E+00   0.208305E+01   0.322519E-01
 146   0.484195E-02   0.114704E+01   0.208507E+01   0.320848E-01
 147   0.472514E-02   0.132624E+01   0.208694E+01   0.319199E-01
 148   0.458887E-02   0.151521E+01   0.208863E+01   0.317571E-01
 149   0.443447E-02   0.170641E+01   0.209018E+01   0.315963E-01
 150   0.426336E-02   0.189520E+01   0.209155E+01   0.314379E-01
 151   0.407660E-02   0.207869E+01   0.209275E+01   0.312813E-01
 152   0.387525E-02   0.225508E+01   0.209378E+01   0.311265E-01
 153   0.366011E-02   0.242325E+01   0.209466E+01   0.309738E-01
 154   0.343162E-02   0.258235E+01   0.209537E+01   0.308229E-01
 155   0.319026E-02   0.273198E+01   0.209593E+01   0.306736E-01
 156   0.293648E-02   0.287151E+01   0.209637E+01   0.305260E-01
 157   0.267063E-02   0.300058E+01   0.209669E+01   0.303801E-01
 158   0.239338E-02   0.311864E+01   0.209691E+01   0.302361E-01
 159   0.210543E-02   0.322516E+01   0.209702E+01   0.300934E-01
 160   0.180792E-02   0.331937E+01   0.209709E+01   0.299524E-01
 161   0.150227E-02   0.340069E+01   0.209711E+01   0.298130E-01
 162   0.119050E-02   0.346841E+01   0.209709E+01   0.296752E-01
 163   0.875797E-03   0.352179E+01   0.209707E+01   0.295387E-01
 164   0.564818E-03   0.356042E+01   0.209706E+01   0.294037E-01
 165   0.285693E-03   0.358372E+01   0.209707E+01   0.292704E-01
 166   0.240763E-03   0.359152E+01   0.209713E+01   0.291382E-01
 167   0.495735E-03   0.358376E+01   0.209726E+01   0.290076E-01
 168   0.798376E-03   0.356054E+01   0.209746E+01   0.288785E-01
 169   0.110479E-02   0.352215E+01   0.209776E+01   0.287505E-01
 170   0.140671E-02   0.346902E+01   0.209814E+01   0.286239E-01
 171   0.170079E-02   0.340181E+01   0.209865E+01   0.284988E-01
 172   0.198504E-02   0.332115E+01   0.209925E+01   0.283758E-01
 173   0.225807E-02   0.322785E+01   0.209994E+01   0.282535E-01
 174   0.251882E-02   0.312276E+01   0.210076E+01   0.281322E-01
 175   0.276643E-02   0.300665E+01   0.210166E+01   0.280119E-01
 176   0.300028E-02   0.288038E+01   0.210270E+01   0.278935E-01
 177   0.321976E-02   0.274481E+01   0.210382E+01   0.277762E-01
 178   0.342451E-02   0.260078E+01   0.210504E+01   0.276598E-01
 179   0.361374E-02   0.244927E+01   0.210634E+01   0.275446E-01
 180   0.378712E-02   0.229129E+01   0.210773E+01   0.274311E-01
 181   0.394398E-02   0.212810E+01   0.210921E+01   0.273176E-01
 182   0.408372E-02   0.196122E+01   0.211075E+01   0.272060E-01
 183   0.420570E-02   0.179264E+01   0.211237E+01   0.270953E-01
 184   0.430924E-02   0.162496E+01   0.211404E+01   0.269854E-01
 185   0.439389E-02   0.146181E+01   0.211579E+01   0.268765E-01
 186   0.445901E-02   0.130816E+01   0.211760E+01   0.267685E-01
 187   0.450405E-02   0.117086E+01   0.211946E+01   0.266611E-01
 188   0.452895E-02   0.105905E+01   0.212138E+01   0.265548E-01
 189   0.453344E-02   0.983462E+00   0.212336E+01   0.264494E-01
 190   0.451753E-02   0.953827E+00   0.212541E+01   0.263447E-01
 191   0.448131E-02   0.974290E+00   0.212750E+01   0.262409E-01
 192   0.442518E-02   0.104096E+01   0.212966E+01   0.261381E-01
 193   0.434955E-02   0.114393E+01   0.213187E+01   0.260359E-01
 194   0.425497E-02   0.127217E+01   0.213415E+01   0.259346E-01
 195   0.414229E-02   0.141620E+01   0.213647E+01   0.258340E-01
 196   0.401210E-02   0.156889E+01   0.213883E+01   0.257343E-01
 197   0.386531E-02   0.172517E+01   0.214123E+01   0.256348E-01
 198   0.370259E-02   0.188133E+01   0.214367E+01   0.255370E-01
 199   0.352489E-02   0.203471E+01   0.214610E+01   0.254393E-01
 200   0.333302E-02   0.218333E+01   0.214857E+01   0.253430E-01
 201   0.312788E-02   0.232567E+01   0.215102E+01   0.252472E-01
 202   0.291024E-02   0.246045E+01   0.215344E+01   0.251521E-01
 203   0.268110E-02   0.258680E+01   0.215583E+01   0.250581E-01
 204   0.244138E-02   0.270379E+01   0.215815E+01   0.249649E-01
 205   0.219205E-02   0.281075E+01   0.216041E+01   0.248721E-01
 206   0.193416E-02   0.290703E+01   0.216258E+01   0.247797E-01
 207   0.166898E-02   0.299203E+01   0.216467E+01   0.246886E-01
 208   0.139790E-02   0.306527E+01   0.216664E+01   0.245985E-01
 209   0.112258E-02   0.312632E+01   0.216846E+01   0.245092E-01
 210   0.845429E-03   0.317485E+01   0.217014E+01   0.244205E-01
 211   0.571110E-03   0.321053E+01   0.217166E+01   0.243326E-01
 212   0.315871E-03   0.323319E+01   0.217302E+01   0.242453E-01
 213   0.194380E-03   0.324270E+01   0.217419E+01   0.241588E-01
 214   0.373097E-03   0.323903E+01   0.217519E+01   0.240729E-01
 215   0.632341E-03   0.322225E+01   0.217601E+01   0.239878E-01
 216   0.901417E-03   0.319256E+01   0.217665E+01   0.239034E-01
 217   0.116931E-02   0.315019E+01   0.217713E+01   0.238198E-01
 218   0.143233E-02   0.309552E+01   0.217743E+01   0.237369E-01
 219   0.168840E-02   0.302901E+01   0.217760E+01   0.236545E-01
 220   0.193604E-02   0.295114E+01   0.217764E+01   0.235728E-01
 221   0.217405E-02   0.286254E+01   0.217755E+01   0.234918E-01
 222   0.240137E-02   0.276378E+01   0.217735E+01   0.234115E-01
 223   0.261709E-02   0.265564E+01   0.217707E+01   0.233318E-01
 224   0.282025E-02   0.253894E+01   0.217671E+01   0.232529E-01
 225   0.301016E-02   0.241460E+01   0.217631E+01   0.231747E-01
 226   0.318613E-02   0.228361E+01   0.217588E+01   0.230971E-01
 227   0.334743E-02   0.214717E+01   0.217544E+01   0.230202E-01
 228   0.349349E-02   0.200665E+01   0.217499E+01   0.229440E-01
 229   0.362367E-02   0.186369E+01   0.217458E+01   0.228684E-01
 230   0.373754E-02   0.172027E+01   0.217420E+01   0.227935E-01
 231   0.383464E-02   0.157897E+01   0.217387E+01   0.227193E-01
 232   0.391451E-02   0.144298E+01   0.217361E+01   0.226458E-01
 233   0.397687E-02   0.131643E+01   0.217341E+01   0.225730E-01
 234   0.402149E-02   0.120457E+01   0.217331E+01   0.225009E-01
 235   0.404818E-02   0.111379E+01   0.217331E+01   0.224295E-01
 236   0.405688E-02   0.105092E+01   0.217340E+01   0.223587E-01
 237   0.404761E-02   0.102191E+01   0.217360E+01   0.222886E-01
 238   0.402051E-02   0.102975E+01   0.217391E+01   0.222192E-01
 239   0.397571E-02   0.107299E+01   0.217431E+01   0.221504E-01
 240   0.391368E-02   0.114653E+01   0.217482E+01   0.220822E-01
 241   0.383457E-02   0.124343E+01   0.217542E+01   0.220146E-01
 242   0.373906E-02   0.135681E+01   0.217614E+01   0.219479E-01
 243   0.362757E-02   0.148082E+01   0.217694E+01   0.218817E-01
 244   0.350070E-02   0.161079E+01   0.217783E+01   0.218161E-01
 245   0.335907E-02   0.174312E+01   0.217881E+01   0.217510E-01
 246   0.320347E-02   0.187505E+01   0.217988E+01   0.216866E-01
 247   0.303466E-02   0.200441E+01   0.218101E+01   0.216227E-01
 248   0.285342E-02   0.212947E+01   0.218222E+01   0.215593E-01
 249   0.266055E-02   0.224887E+01   0.218349E+01   0.214965E-01
 250   0.245697E-02   0.236148E+01   0.218481E+01   0.214342E-01
 251   0.224358E-02   0.246631E+01   0.218619E+01   0.213725E-01
 252   0.202136E-02   0.256259E+01   0.218761E+01   0.213113E-01
 253   0.179135E-02   0.264965E+01   0.218908E+01   0.212506E-01
 254   0.155458E-02   0.272688E+01   0.219058E+01   0.211902E-01
 255   0.131221E-02   0.279381E+01   0.219211E+01   0.211304E-01
 256   0.106547E-02   0.285007E+01   0.219366E+01   0.210710E-01
 257   0.815767E-03   0.289531E+01   0.219526E+01   0.210120E-01
 258   0.565167E-03   0.292928E+01   0.219685E+01   0.209535E-01
 259   0.318530E-03   0.295184E+01   0.219845E+01   0.208955E-01
 260   0.117350E-03   0.296287E+01   0.220006E+01   0.208379E-01
 261   0.236908E-03   0.296234E+01   0.220167E+01   0.207809E-01
 262   0.475351E-03   0.295034E+01   0.220327E+01   0.207240E-01
 263   0.720044E-03   0.292694E+01   0.220485E+01   0.206675E-01
 264   0.962633E-03   0.289237E+01   0.220641E+01   0.206116E-01
 265   0.120066E-02   0.284694E+01   0.220796E+01   0.205559E-01
 266   0.143263E-02   0.279094E+01   0.220947E+01   0.205006E-01
 267   0.165740E-02   0.272477E+01   0.221093E+01   0.204460E-01
 268   0.187390E-02   0.264896E+01   0.221235E+01   0.203914E-01
 269   0.208117E-02   0.256409E+01   0.221373E+01   0.203375E-01
 270   0.227836E-02   0.247076E+01   0.221505E+01   0.202835E-01
 271   0.246461E-02   0.236976E+01   0.221631E+01   0.202299E-01
 272   0.263920E-02   0.226188E+01   0.221751E+01   0.201772E-01
 273   0.280136E-02   0.214810E+01   0.221863E+01   0.201241E-01
 274   0.295050E-02   0.202949E+01   0.221969E+01   0.200711E-01
 275   0.308603E-02   0.190740E+01   0.222067E+01   0.200190E-01
 276   0.320736E-02   0.178330E+01   0.222158E+01   0.199671E-01
 277   0.331416E-02   0.165900E+01   0.222240E+01   0.199156E-01
 278   0.340579E-02   0.153676E+01   0.222314E+01   0.198643E-01
 279   0.348216E-02   0.141929E+01   0.222381E+01   0.198132E-01
 280   0.354285E-02   0.130997E+01   0.222440E+01   0.197619E-01
 281   0.358768E-02   0.121289E+01   0.222492E+01   0.197116E-01
 282   0.361654E-02   0.113278E+01   0.222536E+01   0.196612E-01
 283   0.362935E-02   0.107466E+01   0.222572E+01   0.196110E-01
 284   0.362614E-02   0.104291E+01   0.222601E+01   0.195610E-01
 285   0.360696E-02   0.104016E+01   0.222624E+01   0.195112E-01
 286   0.357198E-02   0.106632E+01   0.222642E+01   0.194614E-01
 287   0.352151E-02   0.111861E+01   0.222651E+01   0.194123E-01
 288   0.345571E-02   0.119238E+01   0.222656E+01   0.193630E-01
 289   0.337510E-02   0.128250E+01   0.222656E+01   0.193144E-01
 290   0.328000E-02   0.138412E+01   0.222650E+01   0.192656E-01
 291   0.317092E-02   0.149306E+01   0.222640E+01   0.192171E-01
 292   0.304842E-02   0.160592E+01   0.222627E+01   0.191689E-01
 293   0.291323E-02   0.172002E+01   0.222610E+01   0.191209E-01
 294   0.276584E-02   0.183317E+01   0.222589E+01   0.190733E-01
 295   0.260710E-02   0.194362E+01   0.222565E+01   0.190257E-01
 296   0.243762E-02   0.204994E+01   0.222538E+01   0.189784E-01
 297   0.225844E-02   0.215093E+01   0.222511E+01   0.189315E-01
 298   0.207017E-02   0.224568E+01   0.222480E+01   0.188847E-01
 299   0.187388E-02   0.233331E+01   0.222451E+01   0.188380E-01
 300   0.167042E-02   0.241313E+01   0.222422E+01   0.187918E-01
 301   0.146089E-02   0.248460E+01   0.222393E+01   0.187457E-01
 302   0.124639E-02   0.254720E+01   0.222364E+01   0.187001E-01
 303   0.102815E-02   0.260056E+01   0.222337E+01   0.186545E-01
 304   0.807821E-03   0.264433E+01   0.222313E+01   0.186092E-01
 305   0.587944E-03   0.267828E+01   0.222292E+01   0.185644E-01
 306   0.374764E-03   0.270224E+01   0.222273E+01   0.185195E-01
 307   0.197686E-03   0.271612E+01   0.222261E+01   0.184752E-01
 308   0.204733E-03   0.271987E+01   0.222253E+01   0.184309E-01
 309   0.384001E-03   0.271353E+01   0.222250E+01   0.183870E-01
 310   0.593631E-03   0.269720E+01   0.222254E+01   0.183434E-01
 311   0.807287E-03   0.267104E+01   0.222265E+01   0.183000E-01
 312   0.101919E-02   0.263526E+01   0.222283E+01   0.182570E-01
 313   0.122694E-02   0.259019E+01   0.222309E+01   0.182142E-01
 314   0.142902E-02   0.253617E+01   0.222344E+01   0.181717E-01
 315   0.162435E-02   0.247365E+01   0.222389E+01   0.181294E-01
 316   0.181187E-02   0.240314E+01   0.222442E+01   0.180875E-01
 317   0.199072E-02   0.232523E+01   0.222505E+01   0.180459E-01
 318   0.216015E-02   0.224058E+01   0.222577E+01   0.180045E-01
 319   0.231932E-02   0.214998E+01   0.222660E+01   0.179635E-01
 320   0.246764E-02   0.205432E+01   0.222752E+01   0.179227E-01
 321   0.260445E-02   0.195460E+01   0.222853E+01   0.178823E-01
 322   0.272922E-02   0.185196E+01   0.222964E+01   0.178422E-01
 323   0.284144E-02   0.174779E+01   0.223084E+01   0.178024E-01
 324   0.294064E-02   0.164370E+01   0.223212E+01   0.177629E-01
 325   0.302646E-02   0.154159E+01   0.223346E+01   0.177237E-01
 326   0.309860E-02   0.144365E+01   0.223487E+01   0.176848E-01
 327   0.315676E-02   0.135251E+01   0.223633E+01   0.176463E-01
 328   0.320076E-02   0.127115E+01   0.223783E+01   0.176080E-01
 329   0.323044E-02   0.120293E+01   0.223939E+01   0.175700E-01
 330   0.324580E-02   0.115109E+01   0.224096E+01   0.175325E-01
 331   0.324676E-02   0.111872E+01   0.224254E+01   0.174953E-01
 332   0.323343E-02   0.110771E+01   0.224412E+01   0.174582E-01
 333   0.320600E-02   0.111862E+01   0.224569E+01   0.174216E-01
 334   0.316445E-02   0.115032E+01   0.224723E+01   0.173852E-01
 335   0.310923E-02   0.120037E+01   0.224874E+01   0.173491E-01
 336   0.304059E-02   0.126552E+01   0.225020E+01   0.173135E-01
 337   0.295884E-02   0.134231E+01   0.225159E+01   0.172780E-01
 338   0.286449E-02   0.142740E+01   0.225292E+01   0.172428E-01
 339   0.275797E-02   0.151788E+01   0.225418E+01   0.172081E-01
 340   0.263981E-02   0.161121E+01   0.225534E+01   0.171734E-01
 341   0.251062E-02   0.170531E+01   0.225640E+01   0.171390E-01
 342   0.237096E-02   0.179842E+01   0.225736E+01   0.171051E-01
 343   0.222159E-02   0.188907E+01   0.225823E+01   0.170713E-01
 344   0.206313E-02   0.197607E+01   0.225897E+01   0.170377E-01
 345   0.189638E-02   0.205838E+01   0.225959E+01   0.170045E-01
 346   0.172218E-02   0.213513E+01   0.226012E+01   0.169715E-01
 347   0.154125E-02   0.220563E+01   0.226053E+01   0.169387E-01
 348   0.135452E-02   0.226924E+01   0.226081E+01   0.169062E-01
 349   0.116292E-02   0.232548E+01   0.226098E+01   0.168739E-01
 350   0.967421E-03   0.237393E+01   0.226105E+01   0.168418E-01
 351   0.769149E-03   0.241424E+01   0.226101E+01   0.168099E-01
 352   0.569608E-03   0.244615E+01   0.226088E+01   0.167783E-01
 353   0.371599E-03   0.246951E+01   0.226065E+01   0.167468E-01
 354   0.186073E-03   0.248414E+01   0.226034E+01   0.167156E-01
 355   0.121362E-03   0.249003E+01   0.225995E+01   0.166839E-01
 356   0.278544E-03   0.248719E+01   0.225948E+01   0.166538E-01
 357   0.470045E-03   0.247565E+01   0.225901E+01   0.166224E-01
 358   0.664181E-03   0.245562E+01   0.225842E+01   0.165921E-01
 359   0.856255E-03   0.242721E+01   0.225780E+01   0.165626E-01
 360   0.104446E-02   0.239075E+01   0.225714E+01   0.165310E-01
 361   0.122760E-02   0.234655E+01   0.225654E+01   0.165013E-01
 362   0.140475E-02   0.229499E+01   0.225584E+01   0.164721E-01
 363   0.157503E-02   0.223657E+01   0.225522E+01   0.164423E-01
 364   0.173772E-02   0.217178E+01   0.225454E+01   0.164116E-01
 365   0.189203E-02   0.210128E+01   0.225393E+01   0.163819E-01
 366   0.203738E-02   0.202578E+01   0.225333E+01   0.163525E-01
 367   0.217315E-02   0.194610E+01   0.225276E+01   0.163232E-01
 368   0.229873E-02   0.186317E+01   0.225223E+01   0.162942E-01
 369   0.241357E-02   0.177807E+01   0.225175E+01   0.162658E-01
 370   0.251734E-02   0.169202E+01   0.225130E+01   0.162365E-01
 371   0.260956E-02   0.160642E+01   0.225098E+01   0.162070E-01
 372   0.268988E-02   0.152292E+01   0.225067E+01   0.161791E-01
 373   0.275799E-02   0.144331E+01   0.225042E+01   0.161497E-01
 374   0.281367E-02   0.136973E+01   0.225027E+01   0.161216E-01
 375   0.285669E-02   0.130437E+01   0.225021E+01   0.160924E-01
 376   0.288695E-02   0.124962E+01   0.225020E+01   0.160638E-01
 377   0.290439E-02   0.120774E+01   0.225026E+01   0.160356E-01
 378   0.290897E-02   0.118068E+01   0.225038E+01   0.160073E-01
 379   0.290073E-02   0.116972E+01   0.225059E+01   0.159789E-01
 380   0.287979E-02   0.117534E+01   0.225086E+01   0.159504E-01
 381   0.284627E-02   0.119697E+01   0.225123E+01   0.159227E-01
 382   0.280040E-02   0.123320E+01   0.225163E+01   0.158949E-01
 383   0.274243E-02   0.128204E+01   0.225212E+01   0.158662E-01
 384   0.267268E-02   0.134109E+01   0.225266E+01   0.158391E-01
 385   0.259150E-02   0.140798E+01   0.225324E+01   0.158105E-01
 386   0.249929E-02   0.148039E+01   0.225389E+01   0.157832E-01
 387   0.239664E-02   0.155625E+01   0.225455E+01   0.157559E-01
 388   0.228390E-02   0.163375E+01   0.225529E+01   0.157283E-01
 389   0.216167E-02   0.171130E+01   0.225602E+01   0.157002E-01
 390   0.203053E-02   0.178756E+01   0.225682E+01   0.156725E-01
 391   0.189116E-02   0.186136E+01   0.225766E+01   0.156453E-01
 392   0.174418E-02   0.193172E+01   0.225850E+01   0.156183E-01
 393   0.159033E-02   0.199779E+01   0.225935E+01   0.155915E-01
 394   0.143037E-02   0.205885E+01   0.226019E+01   0.155648E-01
 395   0.126505E-02   0.211428E+01   0.226108E+01   0.155377E-01
 396   0.109521E-02   0.216360E+01   0.226197E+01   0.155105E-01
 397   0.921835E-03   0.220637E+01   0.226285E+01   0.154837E-01
 398   0.745969E-03   0.224226E+01   0.226371E+01   0.154575E-01
 399   0.569136E-03   0.227100E+01   0.226459E+01   0.154313E-01
 400   0.394107E-03   0.229239E+01   0.226543E+01   0.154046E-01
 401   0.229586E-03   0.230628E+01   0.226629E+01   0.153786E-01
 402   0.130249E-03   0.231260E+01   0.226710E+01   0.153525E-01
 403   0.218576E-03   0.231134E+01   0.226790E+01   0.153266E-01
 404   0.379034E-03   0.230257E+01   0.226868E+01   0.153008E-01
 405   0.549567E-03   0.228635E+01   0.226944E+01   0.152752E-01
 406   0.720542E-03   0.226288E+01   0.227014E+01   0.152498E-01
 407   0.889074E-03   0.223241E+01   0.227083E+01   0.152245E-01
 408   0.105367E-02   0.219515E+01   0.227148E+01   0.151994E-01
 409   0.121333E-02   0.215152E+01   0.227209E+01   0.151744E-01
 410   0.136719E-02   0.210194E+01   0.227266E+01   0.151496E-01
 411   0.151449E-02   0.204683E+01   0.227318E+01   0.151249E-01
 412   0.165458E-02   0.198684E+01   0.227367E+01   0.151005E-01
 413   0.178683E-02   0.192253E+01   0.227412E+01   0.150761E-01
 414   0.191066E-02   0.185471E+01   0.227454E+01   0.150520E-01
 415   0.202556E-02   0.178415E+01   0.227489E+01   0.150281E-01
 416   0.213103E-02   0.171184E+01   0.227519E+01   0.150043E-01
 417   0.222664E-02   0.163885E+01   0.227544E+01   0.149808E-01
 418   0.231204E-02   0.156641E+01   0.227566E+01   0.149574E-01
 419   0.238688E-02   0.149587E+01   0.227582E+01   0.149342E-01
 420   0.245087E-02   0.142874E+01   0.227594E+01   0.149111E-01
 421   0.250377E-02   0.136669E+01   0.227600E+01   0.148883E-01
 422   0.254541E-02   0.131150E+01   0.227603E+01   0.148657E-01
 423   0.257565E-02   0.126496E+01   0.227601E+01   0.148433E-01
 424   0.259441E-02   0.122869E+01   0.227594E+01   0.148210E-01
 425   0.260164E-02   0.120425E+01   0.227584E+01   0.147990E-01
 426   0.259740E-02   0.119259E+01   0.227569E+01   0.147771E-01
 427   0.258176E-02   0.119410E+01   0.227551E+01   0.147554E-01
 428   0.255476E-02   0.120860E+01   0.227529E+01   0.147338E-01
 429   0.251664E-02   0.123517E+01   0.227504E+01   0.147126E-01
 430   0.246763E-02   0.127250E+01   0.227476E+01   0.146915E-01
 431   0.240796E-02   0.131891E+01   0.227447E+01   0.146705E-01
 432   0.233807E-02   0.137258E+01   0.227414E+01   0.146497E-01
 433   0.225809E-02   0.143170E+01   0.227381E+01   0.146292E-01
 434   0.216856E-02   0.149456E+01   0.227346E+01   0.146088E-01
 435   0.206988E-02   0.155959E+01   0.227309E+01   0.145885E-01
 436   0.196259E-02   0.162540E+01   0.227273E+01   0.145685E-01
 437   0.184715E-02   0.169072E+01   0.227237E+01   0.145486E-01
 438   0.172415E-02   0.175449E+01   0.227201E+01   0.145288E-01
 439   0.159414E-02   0.181581E+01   0.227165E+01   0.145093E-01
 440   0.145776E-02   0.187382E+01   0.227132E+01   0.144898E-01
 441   0.131563E-02   0.192788E+01   0.227099E+01   0.144705E-01
 442   0.116844E-02   0.197737E+01   0.227070E+01   0.144514E-01
 443   0.101691E-02   0.202179E+01   0.227042E+01   0.144324E-01
 444   0.861785E-03   0.206074E+01   0.227018E+01   0.144135E-01
 445   0.703873E-03   0.209389E+01   0.226997E+01   0.143947E-01
 446   0.544134E-03   0.212091E+01   0.226977E+01   0.143761E-01
 447   0.383962E-03   0.214165E+01   0.226964E+01   0.143576E-01
 448   0.226646E-03   0.215593E+01   0.226955E+01   0.143391E-01
 449   0.941062E-04   0.216370E+01   0.226950E+01   0.143209E-01
 450   0.141051E-03   0.216490E+01   0.226949E+01   0.143029E-01
 451   0.289052E-03   0.215958E+01   0.226952E+01   0.142852E-01
 452   0.444935E-03   0.214780E+01   0.226957E+01   0.142666E-01
 453   0.600337E-03   0.212974E+01   0.226972E+01   0.142483E-01
 454   0.753221E-03   0.210555E+01   0.226992E+01   0.142306E-01
 455   0.902472E-03   0.207550E+01   0.227012E+01   0.142129E-01
 456   0.104728E-02   0.203991E+01   0.227037E+01   0.141952E-01
 457   0.118695E-02   0.199915E+01   0.227069E+01   0.141776E-01
 458   0.132086E-02   0.195365E+01   0.227105E+01   0.141600E-01
 459   0.144836E-02   0.190390E+01   0.227143E+01   0.141424E-01
 460   0.156896E-02   0.185050E+01   0.227186E+01   0.141249E-01
 461   0.168213E-02   0.179407E+01   0.227233E+01   0.141078E-01
 462   0.178738E-02   0.173536E+01   0.227281E+01   0.140905E-01
 463   0.188427E-02   0.167518E+01   0.227332E+01   0.140730E-01
 464   0.197245E-02   0.161446E+01   0.227385E+01   0.140556E-01
 465   0.205154E-02   0.155420E+01   0.227439E+01   0.140386E-01
 466   0.212126E-02   0.149554E+01   0.227495E+01   0.140211E-01
 467   0.218138E-02   0.143967E+01   0.227550E+01   0.140041E-01
 468   0.223151E-02   0.138791E+01   0.227606E+01   0.139870E-01
 469   0.227156E-02   0.134156E+01   0.227662E+01   0.139697E-01
 470   0.230149E-02   0.130198E+01   0.227717E+01   0.139526E-01
 471   0.232115E-02   0.127038E+01   0.227770E+01   0.139355E-01
 472   0.233054E-02   0.124782E+01   0.227821E+01   0.139184E-01
 473   0.232966E-02   0.123507E+01   0.227870E+01   0.139014E-01
 474   0.231845E-02   0.123255E+01   0.227915E+01   0.138843E-01
 475   0.229710E-02   0.124021E+01   0.227958E+01   0.138675E-01
 476   0.226584E-02   0.125762E+01   0.227997E+01   0.138509E-01
 477   0.222477E-02   0.128395E+01   0.228033E+01   0.138335E-01
 478   0.217407E-02   0.131810E+01   0.228064E+01   0.138163E-01
 479   0.211400E-02   0.135884E+01   0.228093E+01   0.138001E-01
 480   0.204493E-02   0.140479E+01   0.228117E+01   0.137825E-01
 481   0.196726E-02   0.145461E+01   0.228135E+01   0.137663E-01
 482   0.188130E-02   0.150699E+01   0.228147E+01   0.137491E-01
 483   0.178756E-02   0.156076E+01   0.228155E+01   0.137324E-01
 484   0.168641E-02   0.161482E+01   0.228158E+01   0.137161E-01
 485   0.157834E-02   0.166822E+01   0.228160E+01   0.136992E-01
 486   0.146393E-02   0.172008E+01   0.228154E+01   0.136824E-01
 487   0.134373E-02   0.176965E+01   0.228145E+01   0.136658E-01
 488   0.121831E-02   0.181628E+01   0.228132E+01   0.136494E-01
 489   0.108829E-02   0.185936E+01   0.228117E+01   0.136330E-01
 490   0.954368E-03   0.189845E+01   0.228095E+01   0.136165E-01
 491   0.817265E-03   0.193311E+01   0.228073E+01   0.136002E-01
 492   0.677808E-03   0.196300E+01   0.228047E+01   0.135839E-01
 493   0.537129E-03   0.198787E+01   0.228019E+01   0.135677E-01
 494   0.396999E-03   0.200745E+01   0.227990E+01   0.135515E-01
 495   0.261593E-03   0.202165E+01   0.227958E+01   0.135355E-01
 496   0.148163E-03   0.203034E+01   0.227927E+01   0.135195E-01
 497   0.135564E-03   0.203348E+01   0.227893E+01   0.135035E-01
 498   0.239087E-03   0.203109E+01   0.227860E+01   0.134875E-01
 499   0.370165E-03   0.202320E+01   0.227830E+01   0.134717E-01
 500   0.505923E-03   0.200997E+01   0.227798E+01   0.134560E-01
 501   0.641329E-03   0.199154E+01   0.227767E+01   0.134405E-01
 502   0.774466E-03   0.196813E+01   0.227736E+01   0.134250E-01
 503   0.904201E-03   0.193999E+01   0.227708E+01   0.134097E-01
 504   0.102974E-02   0.190749E+01   0.227683E+01   0.133944E-01
 505   0.115041E-02   0.187100E+01   0.227661E+01   0.133792E-01
 506   0.126563E-02   0.183095E+01   0.227641E+01   0.133642E-01
 507   0.137485E-02   0.178786E+01   0.227623E+01   0.133493E-01
 508   0.147759E-02   0.174226E+01   0.227608E+01   0.133345E-01
 509   0.157341E-02   0.169485E+01   0.227598E+01   0.133199E-01
 510   0.166191E-02   0.164626E+01   0.227590E+01   0.133053E-01
 511   0.174270E-02   0.159732E+01   0.227586E+01   0.132909E-01
 512   0.181547E-02   0.154881E+01   0.227586E+01   0.132765E-01
 513   0.187991E-02   0.150165E+01   0.227588E+01   0.132624E-01
 514   0.193579E-02   0.145680E+01   0.227594E+01   0.132483E-01
 515   0.198290E-02   0.141525E+01   0.227604E+01   0.132344E-01
 516   0.202107E-02   0.137797E+01   0.227617E+01   0.132207E-01
 517   0.205013E-02   0.134587E+01   0.227634E+01   0.132070E-01
 518   0.207004E-02   0.132000E+01   0.227654E+01   0.131935E-01
 519   0.208074E-02   0.130095E+01   0.227675E+01   0.131801E-01
 520   0.208220E-02   0.128932E+01   0.227700E+01   0.131668E-01
 521   0.207450E-02   0.128539E+01   0.227727E+01   0.131537E-01
 522   0.205769E-02   0.128923E+01   0.227756E+01   0.131407E-01
 523   0.203190E-02   0.130060E+01   0.227785E+01   0.131278E-01
 524   0.199725E-02   0.131900E+01   0.227818E+01   0.131151E-01
 525   0.195396E-02   0.134375E+01   0.227852E+01   0.131025E-01
 526   0.190228E-02   0.137399E+01   0.227885E+01   0.130900E-01
 527   0.184243E-02   0.140877E+01   0.227919E+01   0.130777E-01
 528   0.177478E-02   0.144712E+01   0.227952E+01   0.130655E-01
 529   0.169960E-02   0.148804E+01   0.227987E+01   0.130533E-01
 530   0.161731E-02   0.153058E+01   0.228021E+01   0.130413E-01
 531   0.152826E-02   0.157383E+01   0.228054E+01   0.130294E-01
 532   0.143292E-02   0.161699E+01   0.228085E+01   0.130177E-01
 533   0.133173E-02   0.165929E+01   0.228115E+01   0.130060E-01
 534   0.122516E-02   0.170006E+01   0.228144E+01   0.129944E-01
 535   0.111376E-02   0.173870E+01   0.228169E+01   0.129829E-01
 536   0.998024E-03   0.177467E+01   0.228193E+01   0.129716E-01
 537   0.878530E-03   0.180753E+01   0.228215E+01   0.129603E-01
 538   0.755848E-03   0.183688E+01   0.228233E+01   0.129491E-01
 539   0.630638E-03   0.186240E+01   0.228249E+01   0.129380E-01
 540   0.503668E-03   0.188380E+01   0.228262E+01   0.129270E-01
 541   0.375891E-03   0.190087E+01   0.228272E+01   0.129161E-01
 542   0.249189E-03   0.191347E+01   0.228277E+01   0.129051E-01
 543   0.130422E-03   0.192147E+01   0.228280E+01   0.128944E-01
 544   0.797678E-04   0.192484E+01   0.228279E+01   0.128834E-01
 545   0.172826E-03   0.192355E+01   0.228278E+01   0.128729E-01
 546   0.294357E-03   0.191766E+01   0.228268E+01   0.128627E-01
 547   0.418606E-03   0.190724E+01   0.228257E+01   0.128524E-01
 548   0.541867E-03   0.189246E+01   0.228241E+01   0.128417E-01
 549   0.662814E-03   0.187350E+01   0.228227E+01   0.128308E-01
 550   0.780608E-03   0.185057E+01   0.228207E+01   0.128202E-01
 551   0.894615E-03   0.182399E+01   0.228181E+01   0.128097E-01
 552   0.100430E-02   0.179409E+01   0.228157E+01   0.127998E-01
 553   0.110912E-02   0.176124E+01   0.228128E+01   0.127895E-01
 554   0.120866E-02   0.172589E+01   0.228098E+01   0.127788E-01
 555   0.130245E-02   0.168856E+01   0.228063E+01   0.127687E-01
 556   0.139012E-02   0.164975E+01   0.228030E+01   0.127586E-01
 557   0.147128E-02   0.161008E+01   0.227995E+01   0.127480E-01
 558   0.154564E-02   0.157021E+01   0.227955E+01   0.127382E-01
 559   0.161287E-02   0.153082E+01   0.227915E+01   0.127275E-01
 560   0.167269E-02   0.149265E+01   0.227876E+01   0.127176E-01
 561   0.172487E-02   0.145646E+01   0.227836E+01   0.127075E-01
 562   0.176924E-02   0.142304E+01   0.227793E+01   0.126968E-01
 563   0.180560E-02   0.139313E+01   0.227752E+01   0.126869E-01
 564   0.183386E-02   0.136748E+01   0.227710E+01   0.126770E-01
 565   0.185395E-02   0.134671E+01   0.227672E+01   0.126668E-01
 566   0.186579E-02   0.133137E+01   0.227628E+01   0.126566E-01
 567   0.186940E-02   0.132188E+01   0.227590E+01   0.126464E-01
 568   0.186475E-02   0.131845E+01   0.227553E+01   0.126362E-01
 569   0.185191E-02   0.132114E+01   0.227516E+01   0.126261E-01
 570   0.183101E-02   0.132980E+01   0.227481E+01   0.126158E-01
 571   0.180216E-02   0.134409E+01   0.227451E+01   0.126054E-01
 572   0.176552E-02   0.136353E+01   0.227417E+01   0.125949E-01
 573   0.172134E-02   0.138747E+01   0.227392E+01   0.125854E-01
 574   0.166980E-02   0.141533E+01   0.227360E+01   0.125750E-01
 575   0.161113E-02   0.144632E+01   0.227339E+01   0.125644E-01
 576   0.154572E-02   0.147963E+01   0.227318E+01   0.125550E-01
 577   0.147384E-02   0.151454E+01   0.227300E+01   0.125442E-01
 578   0.139588E-02   0.155029E+01   0.227282E+01   0.125346E-01
 579   0.131216E-02   0.158624E+01   0.227268E+01   0.125243E-01
 580   0.122314E-02   0.162170E+01   0.227256E+01   0.125140E-01
 581   0.112922E-02   0.165612E+01   0.227246E+01   0.125045E-01
 582   0.103089E-02   0.168896E+01   0.227244E+01   0.124941E-01
 583   0.928648E-03   0.171976E+01   0.227240E+01   0.124839E-01
 584   0.822967E-03   0.174809E+01   0.227239E+01   0.124743E-01
 585   0.714447E-03   0.177360E+01   0.227245E+01   0.124649E-01
 586   0.603715E-03   0.179599E+01   0.227248E+01   0.124545E-01
 587   0.491551E-03   0.181497E+01   0.227257E+01   0.124443E-01
 588   0.379049E-03   0.183038E+01   0.227268E+01   0.124346E-01
 589   0.268334E-03   0.184202E+01   0.227280E+01   0.124252E-01
 590   0.165728E-03   0.184983E+01   0.227298E+01   0.124159E-01
 591   0.102252E-03   0.185371E+01   0.227315E+01   0.124060E-01
 592   0.144484E-03   0.185366E+01   0.227333E+01   0.123962E-01
 593   0.241141E-03   0.184970E+01   0.227355E+01   0.123866E-01
 594   0.348171E-03   0.184191E+01   0.227378E+01   0.123772E-01
 595   0.456752E-03   0.183039E+01   0.227402E+01   0.123678E-01
 596   0.564296E-03   0.181531E+01   0.227427E+01   0.123586E-01
 597   0.669613E-03   0.179686E+01   0.227453E+01   0.123492E-01
 598   0.771915E-03   0.177530E+01   0.227479E+01   0.123400E-01
 599   0.870607E-03   0.175090E+01   0.227506E+01   0.123310E-01
 600   0.965183E-03   0.172402E+01   0.227533E+01   0.123219E-01
 601   0.105518E-02   0.169500E+01   0.227559E+01   0.123130E-01
 602   0.114019E-02   0.166426E+01   0.227585E+01   0.123041E-01
 603   0.121986E-02   0.163231E+01   0.227611E+01   0.122954E-01
 604   0.129383E-02   0.159958E+01   0.227635E+01   0.122867E-01
 605   0.136177E-02   0.156662E+01   0.227658E+01   0.122781E-01
 606   0.142343E-02   0.153403E+01   0.227678E+01   0.122697E-01
 607   0.147854E-02   0.150239E+01   0.227699E+01   0.122612E-01
 608   0.152687E-02   0.147228E+01   0.227716E+01   0.122529E-01
 609   0.156827E-02   0.144432E+01   0.227731E+01   0.122447E-01
 610   0.160259E-02   0.141909E+01   0.227743E+01   0.122366E-01
 611   0.162965E-02   0.139723E+01   0.227754E+01   0.122286E-01
 612   0.164947E-02   0.137916E+01   0.227760E+01   0.122206E-01
 613   0.166188E-02   0.136533E+01   0.227765E+01   0.122128E-01
 614   0.166689E-02   0.135605E+01   0.227766E+01   0.122050E-01
 615   0.166457E-02   0.135153E+01   0.227764E+01   0.121974E-01
 616   0.165491E-02   0.135184E+01   0.227756E+01   0.121899E-01
 617   0.163796E-02   0.135692E+01   0.227746E+01   0.121824E-01
 618   0.161393E-02   0.136658E+01   0.227733E+01   0.121752E-01
 619   0.158285E-02   0.138049E+01   0.227716E+01   0.121679E-01
 620   0.154500E-02   0.139825E+01   0.227696E+01   0.121607E-01
 621   0.150047E-02   0.141935E+01   0.227671E+01   0.121537E-01
 622   0.144956E-02   0.144325E+01   0.227645E+01   0.121467E-01
 623   0.139250E-02   0.146938E+01   0.227614E+01   0.121398E-01
 624   0.132957E-02   0.149712E+01   0.227580E+01   0.121330E-01
 625   0.126111E-02   0.152591E+01   0.227543E+01   0.121263E-01
 626   0.118742E-02   0.155517E+01   0.227503E+01   0.121196E-01
 627   0.110889E-02   0.158435E+01   0.227460E+01   0.121130E-01
 628   0.102587E-02   0.161297E+01   0.227414E+01   0.121065E-01
 629   0.938787E-03   0.164054E+01   0.227368E+01   0.121000E-01
 630   0.848037E-03   0.166666E+01   0.227317E+01   0.120937E-01
 631   0.754094E-03   0.169094E+01   0.227266E+01   0.120874E-01
 632   0.657419E-03   0.171306E+01   0.227214E+01   0.120812E-01
 633   0.558584E-03   0.173274E+01   0.227160E+01   0.120750E-01
 634   0.458179E-03   0.174973E+01   0.227106E+01   0.120690E-01
 635   0.357042E-03   0.176383E+01   0.227051E+01   0.120629E-01
 636   0.256604E-03   0.177488E+01   0.226995E+01   0.120569E-01
 637   0.160684E-03   0.178280E+01   0.226941E+01   0.120509E-01
 638   0.883511E-04   0.178750E+01   0.226887E+01   0.120453E-01
 639   0.108747E-03   0.178895E+01   0.226838E+01   0.120390E-01
 640   0.193670E-03   0.178716E+01   0.226781E+01   0.120330E-01
 641   0.290009E-03   0.178219E+01   0.226732E+01   0.120281E-01
 642   0.387956E-03   0.177412E+01   0.226680E+01   0.120218E-01
 643   0.485047E-03   0.176309E+01   0.226638E+01   0.120157E-01
 644   0.580228E-03   0.174925E+01   0.226587E+01   0.120103E-01
 645   0.672763E-03   0.173282E+01   0.226546E+01   0.120047E-01
 646   0.762148E-03   0.171403E+01   0.226508E+01   0.119986E-01
 647   0.847937E-03   0.169315E+01   0.226466E+01   0.119936E-01
 648   0.929717E-03   0.167051E+01   0.226433E+01   0.119874E-01
 649   0.100709E-02   0.164646E+01   0.226401E+01   0.119819E-01
 650   0.107974E-02   0.162135E+01   0.226372E+01   0.119762E-01
 651   0.114737E-02   0.159563E+01   0.226346E+01   0.119707E-01
 652   0.120968E-02   0.156968E+01   0.226323E+01   0.119649E-01
 653   0.126642E-02   0.154399E+01   0.226303E+01   0.119596E-01
 654   0.131736E-02   0.151901E+01   0.226285E+01   0.119536E-01
 655   0.136228E-02   0.149523E+01   0.226273E+01   0.119481E-01
 656   0.140102E-02   0.147311E+01   0.226261E+01   0.119427E-01
 657   0.143342E-02   0.145309E+01   0.226251E+01   0.119370E-01
 658   0.145940E-02   0.143558E+01   0.226246E+01   0.119312E-01
 659   0.147889E-02   0.142098E+01   0.226243E+01   0.119255E-01
 660   0.149179E-02   0.140962E+01   0.226238E+01   0.119199E-01
 661   0.149805E-02   0.140172E+01   0.226239E+01   0.119142E-01
 662   0.149774E-02   0.139743E+01   0.226241E+01   0.119086E-01
 663   0.149084E-02   0.139684E+01   0.226245E+01   0.119029E-01
 664   0.147743E-02   0.139993E+01   0.226250E+01   0.118972E-01
 665   0.145761E-02   0.140658E+01   0.226256E+01   0.118916E-01
 666   0.143153E-02   0.141658E+01   0.226264E+01   0.118863E-01
 667   0.139926E-02   0.142965E+01   0.226269E+01   0.118805E-01
 668   0.136104E-02   0.144544E+01   0.226278E+01   0.118745E-01
 669   0.131701E-02   0.146355E+01   0.226283E+01   0.118689E-01
 670   0.126746E-02   0.148363E+01   0.226292E+01   0.118635E-01
 671   0.121260E-02   0.150519E+01   0.226300E+01   0.118573E-01
 672   0.115270E-02   0.152772E+01   0.226301E+01   0.118524E-01
 673   0.108806E-02   0.155086E+01   0.226305E+01   0.118461E-01
 674   0.101902E-02   0.157411E+01   0.226309E+01   0.118410E-01
 675   0.945923E-03   0.159709E+01   0.226312E+01   0.118348E-01
 676   0.869093E-03   0.161939E+01   0.226314E+01   0.118299E-01
 677   0.788932E-03   0.164069E+01   0.226313E+01   0.118234E-01
 678   0.705874E-03   0.166062E+01   0.226310E+01   0.118185E-01
 679   0.620356E-03   0.167894E+01   0.226311E+01   0.118123E-01
 680   0.532871E-03   0.169533E+01   0.226307E+01   0.118070E-01
 681   0.444057E-03   0.170965E+01   0.226295E+01   0.118020E-01
 682   0.354704E-03   0.172168E+01   0.226284E+01   0.117957E-01
 683   0.266216E-03   0.173128E+01   0.226274E+01   0.117907E-01
 684   0.181852E-03   0.173834E+01   0.226264E+01   0.117855E-01
 685   0.113243E-03   0.174281E+01   0.226244E+01   0.117795E-01
 686   0.101170E-03   0.174464E+01   0.226226E+01   0.117746E-01
 687   0.158394E-03   0.174381E+01   0.226212E+01   0.117691E-01
 688   0.238472E-03   0.174040E+01   0.226188E+01   0.117638E-01
 689   0.323675E-03   0.173443E+01   0.226163E+01   0.117586E-01
 690   0.409506E-03   0.172605E+01   0.226139E+01   0.117534E-01
 691   0.494289E-03   0.171536E+01   0.226112E+01   0.117483E-01
 692   0.577121E-03   0.170256E+01   0.226085E+01   0.117432E-01
 693   0.657400E-03   0.168782E+01   0.226055E+01   0.117382E-01
 694   0.734662E-03   0.167138E+01   0.226024E+01   0.117333E-01
 695   0.808487E-03   0.165350E+01   0.225992E+01   0.117284E-01
 696   0.878506E-03   0.163447E+01   0.225960E+01   0.117236E-01
 697   0.944414E-03   0.161459E+01   0.225926E+01   0.117187E-01
 698   0.100591E-02   0.159421E+01   0.225891E+01   0.117140E-01
 699   0.106273E-02   0.157365E+01   0.225857E+01   0.117094E-01
 700   0.111464E-02   0.155332E+01   0.225821E+01   0.117049E-01
 701   0.116140E-02   0.153352E+01   0.225784E+01   0.117003E-01
 702   0.120286E-02   0.151471E+01   0.225747E+01   0.116959E-01
 703   0.123884E-02   0.149712E+01   0.225711E+01   0.116915E-01
 704   0.126920E-02   0.148125E+01   0.225675E+01   0.116872E-01
 705   0.129383E-02   0.146736E+01   0.225637E+01   0.116830E-01
 706   0.131263E-02   0.145573E+01   0.225601E+01   0.116789E-01
 707   0.132558E-02   0.144658E+01   0.225564E+01   0.116748E-01
 708   0.133260E-02   0.144012E+01   0.225528E+01   0.116708E-01
 709   0.133375E-02   0.143646E+01   0.225491E+01   0.116669E-01
 710   0.132897E-02   0.143567E+01   0.225456E+01   0.116630E-01
 711   0.131837E-02   0.143775E+01   0.225422E+01   0.116592E-01
 712   0.130200E-02   0.144261E+01   0.225385E+01   0.116555E-01
 713   0.127999E-02   0.145014E+01   0.225350E+01   0.116518E-01
 714   0.125242E-02   0.146011E+01   0.225316E+01   0.116483E-01
 715   0.121947E-02   0.147229E+01   0.225283E+01   0.116448E-01
 716   0.118128E-02   0.148640E+01   0.225249E+01   0.116413E-01
 717   0.113813E-02   0.150212E+01   0.225216E+01   0.116380E-01
 718   0.109014E-02   0.151910E+01   0.225183E+01   0.116346E-01
 719   0.103759E-02   0.153701E+01   0.225152E+01   0.116314E-01
 720   0.980713E-03   0.155548E+01   0.225120E+01   0.116281E-01
 721   0.919828E-03   0.157418E+01   0.225090E+01   0.116250E-01
 722   0.855211E-03   0.159276E+01   0.225060E+01   0.116220E-01
 723   0.787186E-03   0.161092E+01   0.225030E+01   0.116189E-01
 724   0.716068E-03   0.162835E+01   0.224999E+01   0.116159E-01
 725   0.642232E-03   0.164478E+01   0.224970E+01   0.116130E-01
 726   0.566100E-03   0.165996E+01   0.224941E+01   0.116101E-01
 727   0.488050E-03   0.167367E+01   0.224913E+01   0.116073E-01
 728   0.408602E-03   0.168573E+01   0.224885E+01   0.116045E-01
 729   0.328420E-03   0.169597E+01   0.224858E+01   0.116018E-01
 730   0.248499E-03   0.170426E+01   0.224831E+01   0.115990E-01
 731   0.171106E-03   0.171050E+01   0.224804E+01   0.115963E-01
 732   0.104033E-03   0.171462E+01   0.224776E+01   0.115938E-01
 733   0.807697E-04   0.171660E+01   0.224753E+01   0.115909E-01
 734   0.127544E-03   0.171643E+01   0.224725E+01   0.115888E-01
 735   0.199235E-03   0.171410E+01   0.224696E+01   0.115857E-01
 736   0.276059E-03   0.170971E+01   0.224668E+01   0.115837E-01
 737   0.353536E-03   0.170332E+01   0.224644E+01   0.115807E-01
 738   0.430140E-03   0.169503E+01   0.224618E+01   0.115783E-01
 739   0.505032E-03   0.168500E+01   0.224592E+01   0.115757E-01
 740   0.577720E-03   0.167339E+01   0.224568E+01   0.115733E-01
 741   0.647745E-03   0.166037E+01   0.224540E+01   0.115707E-01
 742   0.714759E-03   0.164618E+01   0.224514E+01   0.115683E-01
 743   0.778440E-03   0.163104E+01   0.224486E+01   0.115657E-01
 744   0.838496E-03   0.161520E+01   0.224458E+01   0.115637E-01
 745   0.894660E-03   0.159894E+01   0.224428E+01   0.115607E-01
 746   0.946691E-03   0.158255E+01   0.224400E+01   0.115585E-01
 747   0.994375E-03   0.156631E+01   0.224375E+01   0.115560E-01
 748   0.103748E-02   0.155052E+01   0.224344E+01   0.115533E-01
 749   0.107589E-02   0.153547E+01   0.224314E+01   0.115509E-01
 750   0.110944E-02   0.152145E+01   0.224285E+01   0.115486E-01
 751   0.113796E-02   0.150874E+01   0.224254E+01   0.115461E-01
 752   0.116141E-02   0.149758E+01   0.224222E+01   0.115433E-01
 753   0.117963E-02   0.148818E+01   0.224191E+01   0.115407E-01
 754   0.119266E-02   0.148076E+01   0.224159E+01   0.115382E-01
 755   0.120036E-02   0.147546E+01   0.224124E+01   0.115356E-01
 756   0.120280E-02   0.147238E+01   0.224090E+01   0.115331E-01
 757   0.119997E-02   0.147156E+01   0.224056E+01   0.115305E-01
 758   0.119189E-02   0.147302E+01   0.224021E+01   0.115279E-01
 759   0.117868E-02   0.147671E+01   0.223987E+01   0.115254E-01
 760   0.116034E-02   0.148253E+01   0.223952E+01   0.115230E-01
 761   0.113701E-02   0.149034E+01   0.223912E+01   0.115206E-01
 762   0.110884E-02   0.149997E+01   0.223874E+01   0.115178E-01
 763   0.107598E-02   0.151121E+01   0.223841E+01   0.115150E-01
 764   0.103859E-02   0.152377E+01   0.223797E+01   0.115123E-01
 765   0.996861E-03   0.153746E+01   0.223762E+01   0.115101E-01
 766   0.951007E-03   0.155200E+01   0.223720E+01   0.115072E-01
 767   0.901224E-03   0.156712E+01   0.223683E+01   0.115043E-01
 768   0.847817E-03   0.158255E+01   0.223648E+01   0.115022E-01
 769   0.791002E-03   0.159793E+01   0.223605E+01   0.114992E-01
 770   0.731119E-03   0.161305E+01   0.223562E+01   0.114970E-01
 771   0.668430E-03   0.162771E+01   0.223525E+01   0.114941E-01
 772   0.603287E-03   0.164161E+01   0.223488E+01   0.114914E-01
 773   0.536027E-03   0.165459E+01   0.223450E+01   0.114889E-01
 774   0.467103E-03   0.166643E+01   0.223412E+01   0.114861E-01
 775   0.396945E-03   0.167698E+01   0.223376E+01   0.114838E-01
 776   0.326233E-03   0.168607E+01   0.223340E+01   0.114811E-01
 777   0.255932E-03   0.169362E+01   0.223304E+01   0.114787E-01
 778   0.188006E-03   0.169953E+01   0.223267E+01   0.114761E-01
 779   0.127798E-03   0.170371E+01   0.223232E+01   0.114737E-01
 780   0.928742E-04   0.170615E+01   0.223197E+01   0.114714E-01
 781   0.110413E-03   0.170681E+01   0.223164E+01   0.114688E-01
 782   0.163709E-03   0.170575E+01   0.223133E+01   0.114664E-01
 783   0.228095E-03   0.170295E+01   0.223102E+01   0.114641E-01
 784   0.295412E-03   0.169849E+01   0.223071E+01   0.114617E-01
 785   0.362965E-03   0.169248E+01   0.223042E+01   0.114594E-01
 786   0.429567E-03   0.168500E+01   0.223014E+01   0.114571E-01
 787   0.494515E-03   0.167619E+01   0.222986E+01   0.114550E-01
 788   0.557345E-03   0.166621E+01   0.222961E+01   0.114528E-01
 789   0.617622E-03   0.165521E+01   0.222934E+01   0.114507E-01
 790   0.675083E-03   0.164341E+01   0.222909E+01   0.114486E-01
 791   0.729403E-03   0.163098E+01   0.222885E+01   0.114466E-01
 792   0.780351E-03   0.161816E+01   0.222861E+01   0.114446E-01
 793   0.827667E-03   0.160518E+01   0.222838E+01   0.114426E-01
 794   0.871164E-03   0.159224E+01   0.222814E+01   0.114408E-01
 795   0.910639E-03   0.157956E+01   0.222793E+01   0.114389E-01
 796   0.945960E-03   0.156744E+01   0.222770E+01   0.114371E-01
 797   0.976943E-03   0.155608E+01   0.222746E+01   0.114354E-01
 798   0.100351E-02   0.154568E+01   0.222725E+01   0.114337E-01
 799   0.102552E-02   0.153648E+01   0.222700E+01   0.114321E-01
 800   0.104293E-02   0.152858E+01   0.222677E+01   0.114305E-01
 801   0.105566E-02   0.152217E+01   0.222652E+01   0.114290E-01
 802   0.106368E-02   0.151737E+01   0.222627E+01   0.114276E-01
 803   0.106699E-02   0.151427E+01   0.222602E+01   0.114262E-01
 804   0.106556E-02   0.151293E+01   0.222575E+01   0.114248E-01
 805   0.105946E-02   0.151334E+01   0.222547E+01   0.114235E-01
 806   0.104872E-02   0.151551E+01   0.222517E+01   0.114223E-01
 807   0.103341E-02   0.151936E+01   0.222486E+01   0.114211E-01
 808   0.101361E-02   0.152482E+01   0.222454E+01   0.114199E-01
 809   0.989450E-03   0.153175E+01   0.222420E+01   0.114189E-01
 810   0.961060E-03   0.153999E+01   0.222385E+01   0.114179E-01
 811   0.928566E-03   0.154940E+01   0.222347E+01   0.114169E-01
 812   0.892149E-03   0.155976E+01   0.222308E+01   0.114159E-01
 813   0.851990E-03   0.157088E+01   0.222266E+01   0.114151E-01
 814   0.808301E-03   0.158253E+01   0.222225E+01   0.114142E-01
 815   0.761288E-03   0.159453E+01   0.222181E+01   0.114134E-01
 816   0.711205E-03   0.160663E+01   0.222135E+01   0.114126E-01
 817   0.658271E-03   0.161864E+01   0.222088E+01   0.114119E-01
 818   0.602809E-03   0.163036E+01   0.222037E+01   0.114112E-01
 819   0.545072E-03   0.164159E+01   0.221987E+01   0.114106E-01
 820   0.485391E-03   0.165217E+01   0.221935E+01   0.114100E-01
 821   0.424128E-03   0.166192E+01   0.221880E+01   0.114094E-01
 822   0.361714E-03   0.167072E+01   0.221825E+01   0.114089E-01
 823   0.298723E-03   0.167843E+01   0.221769E+01   0.114083E-01
 824   0.235991E-03   0.168496E+01   0.221711E+01   0.114079E-01
 825   0.175209E-03   0.169021E+01   0.221653E+01   0.114074E-01
 826   0.120752E-03   0.169414E+01   0.221593E+01   0.114070E-01
 827   0.866463E-04   0.169670E+01   0.221535E+01   0.114067E-01
 828   0.973741E-04   0.169787E+01   0.221475E+01   0.114061E-01
 829   0.142669E-03   0.169767E+01   0.221412E+01   0.114060E-01
 830   0.199547E-03   0.169608E+01   0.221351E+01   0.114052E-01
 831   0.259654E-03   0.169320E+01   0.221291E+01   0.114054E-01
 832   0.320257E-03   0.168908E+01   0.221230E+01   0.114045E-01
 833   0.380168E-03   0.168378E+01   0.221170E+01   0.114044E-01
 834   0.438730E-03   0.167743E+01   0.221113E+01   0.114039E-01
 835   0.495452E-03   0.167014E+01   0.221055E+01   0.114036E-01
 836   0.550032E-03   0.166204E+01   0.220994E+01   0.114035E-01
 837   0.602126E-03   0.165330E+01   0.220934E+01   0.114028E-01
 838   0.651484E-03   0.164406E+01   0.220877E+01   0.114026E-01
 839   0.697875E-03   0.163450E+01   0.220825E+01   0.114025E-01
 840   0.741068E-03   0.162478E+01   0.220766E+01   0.114017E-01
 841   0.780904E-03   0.161510E+01   0.220715E+01   0.114015E-01
 842   0.817195E-03   0.160563E+01   0.220661E+01   0.114012E-01
 843   0.849780E-03   0.159657E+01   0.220610E+01   0.114009E-01
 844   0.878543E-03   0.158807E+01   0.220562E+01   0.114002E-01
 845   0.903369E-03   0.158031E+01   0.220516E+01   0.113998E-01
 846   0.924161E-03   0.157343E+01   0.220465E+01   0.113995E-01
 847   0.940836E-03   0.156758E+01   0.220419E+01   0.113992E-01
 848   0.953334E-03   0.156287E+01   0.220377E+01   0.113988E-01
 849   0.961648E-03   0.155937E+01   0.220335E+01   0.113984E-01
 850   0.965725E-03   0.155719E+01   0.220293E+01   0.113979E-01
 851   0.965592E-03   0.155634E+01   0.220250E+01   0.113974E-01
 852   0.961256E-03   0.155686E+01   0.220212E+01   0.113969E-01
 853   0.952760E-03   0.155873E+01   0.220176E+01   0.113964E-01
 854   0.940152E-03   0.156190E+01   0.220138E+01   0.113958E-01
 855   0.923535E-03   0.156631E+01   0.220099E+01   0.113952E-01
 856   0.902985E-03   0.157186E+01   0.220064E+01   0.113946E-01
 857   0.878615E-03   0.157845E+01   0.220029E+01   0.113941E-01
 858   0.850566E-03   0.158596E+01   0.219998E+01   0.113939E-01
 859   0.818962E-03   0.159423E+01   0.219963E+01   0.113932E-01
 860   0.783989E-03   0.160311E+01   0.219936E+01   0.113924E-01
 861   0.745822E-03   0.161245E+01   0.219898E+01   0.113918E-01
 862   0.704634E-03   0.162206E+01   0.219871E+01   0.113916E-01
 863   0.660672E-03   0.163182E+01   0.219836E+01   0.113908E-01
 864   0.614123E-03   0.164150E+01   0.219807E+01   0.113901E-01
 865   0.565255E-03   0.165101E+01   0.219779E+01   0.113899E-01
 866   0.514327E-03   0.166018E+01   0.219743E+01   0.113890E-01
 867   0.461645E-03   0.166883E+01   0.219713E+01   0.113884E-01
 868   0.407526E-03   0.167684E+01   0.219686E+01   0.113881E-01
 869   0.352350E-03   0.168410E+01   0.219653E+01   0.113873E-01
 870   0.296662E-03   0.169050E+01   0.219618E+01   0.113873E-01
 871   0.241180E-03   0.169595E+01   0.219587E+01   0.113863E-01
 872   0.187223E-03   0.170042E+01   0.219556E+01   0.113857E-01
 873   0.137725E-03   0.170382E+01   0.219525E+01   0.113854E-01
 874   0.100417E-03   0.170613E+01   0.219493E+01   0.113846E-01
 875   0.918998E-04   0.170731E+01   0.219454E+01   0.113847E-01
 876   0.118188E-03   0.170738E+01   0.219418E+01   0.113839E-01
 877   0.162627E-03   0.170634E+01   0.219385E+01   0.113834E-01
 878   0.213427E-03   0.170424E+01   0.219347E+01   0.113831E-01
 879   0.266172E-03   0.170113E+01   0.219309E+01   0.113827E-01
 880   0.319026E-03   0.169709E+01   0.219270E+01   0.113824E-01
 881   0.371083E-03   0.169217E+01   0.219229E+01   0.113820E-01
 882   0.421797E-03   0.168650E+01   0.219190E+01   0.113817E-01
 883   0.470761E-03   0.168015E+01   0.219147E+01   0.113815E-01
 884   0.517647E-03   0.167325E+01   0.219104E+01   0.113813E-01
 885   0.562211E-03   0.166591E+01   0.219060E+01   0.113810E-01
 886   0.604188E-03   0.165832E+01   0.219014E+01   0.113809E-01
 887   0.643400E-03   0.165060E+01   0.218967E+01   0.113808E-01
 888   0.679677E-03   0.164289E+01   0.218919E+01   0.113807E-01
 889   0.712840E-03   0.163534E+01   0.218869E+01   0.113807E-01
 890   0.742734E-03   0.162807E+01   0.218818E+01   0.113807E-01
 891   0.769253E-03   0.162125E+01   0.218766E+01   0.113807E-01
 892   0.792308E-03   0.161501E+01   0.218712E+01   0.113808E-01
 893   0.811744E-03   0.160945E+01   0.218658E+01   0.113809E-01
 894   0.827525E-03   0.160467E+01   0.218603E+01   0.113810E-01
 895   0.839603E-03   0.160078E+01   0.218548E+01   0.113812E-01
 896   0.847949E-03   0.159784E+01   0.218490E+01   0.113815E-01
 897   0.852522E-03   0.159593E+01   0.218429E+01   0.113817E-01
 898   0.853308E-03   0.159509E+01   0.218370E+01   0.113821E-01
 899   0.850353E-03   0.159531E+01   0.218308E+01   0.113824E-01
 900   0.843670E-03   0.159661E+01   0.218247E+01   0.113828E-01
 901   0.833307E-03   0.159894E+01   0.218183E+01   0.113833E-01
 902   0.819329E-03   0.160230E+01   0.218121E+01   0.113838E-01
 903   0.801833E-03   0.160657E+01   0.218055E+01   0.113843E-01
 904   0.780883E-03   0.161171E+01   0.217991E+01   0.113848E-01
 905   0.756608E-03   0.161760E+01   0.217924E+01   0.113854E-01
 906   0.729145E-03   0.162414E+01   0.217859E+01   0.113861E-01
 907   0.698622E-03   0.163122E+01   0.217792E+01   0.113868E-01
 908   0.665211E-03   0.163871E+01   0.217726E+01   0.113875E-01
 909   0.629081E-03   0.164647E+01   0.217660E+01   0.113882E-01
 910   0.590424E-03   0.165438E+01   0.217592E+01   0.113890E-01
 911   0.549415E-03   0.166230E+01   0.217524E+01   0.113898E-01
 912   0.506281E-03   0.167011E+01   0.217457E+01   0.113906E-01
 913   0.461299E-03   0.167768E+01   0.217390E+01   0.113914E-01
 914   0.414698E-03   0.168490E+01   0.217323E+01   0.113923E-01
 915   0.366798E-03   0.169165E+01   0.217257E+01   0.113933E-01
 916   0.317969E-03   0.169784E+01   0.217191E+01   0.113941E-01
 917   0.268691E-03   0.170338E+01   0.217127E+01   0.113951E-01
 918   0.219660E-03   0.170820E+01   0.217062E+01   0.113961E-01
 919   0.172169E-03   0.171224E+01   0.216998E+01   0.113970E-01
 920   0.128924E-03   0.171545E+01   0.216935E+01   0.113981E-01
 921   0.966963E-04   0.171779E+01   0.216874E+01   0.113993E-01
 922   0.887765E-04   0.171925E+01   0.216812E+01   0.114000E-01
 923   0.110322E-03   0.171983E+01   0.216750E+01   0.114012E-01
 924   0.148568E-03   0.171952E+01   0.216694E+01   0.114022E-01
 925   0.193241E-03   0.171835E+01   0.216634E+01   0.114032E-01
 926   0.240088E-03   0.171638E+01   0.216574E+01   0.114045E-01
 927   0.287320E-03   0.171363E+01   0.216519E+01   0.114053E-01
 928   0.334023E-03   0.171018E+01   0.216465E+01   0.114063E-01
 929   0.379655E-03   0.170610E+01   0.216408E+01   0.114076E-01
 930   0.423820E-03   0.170149E+01   0.216356E+01   0.114085E-01
 931   0.466213E-03   0.169641E+01   0.216305E+01   0.114094E-01
 932   0.506592E-03   0.169100E+01   0.216251E+01   0.114107E-01
 933   0.544749E-03   0.168532E+01   0.216203E+01   0.114118E-01
 934   0.580471E-03   0.167953E+01   0.216150E+01   0.114126E-01
 935   0.613615E-03   0.167371E+01   0.216104E+01   0.114136E-01
 936   0.644000E-03   0.166800E+01   0.216052E+01   0.114147E-01
 937   0.671515E-03   0.166248E+01   0.216009E+01   0.114158E-01
 938   0.696045E-03   0.165729E+01   0.215957E+01   0.114168E-01
 939   0.717473E-03   0.165252E+01   0.215911E+01   0.114176E-01
 940   0.735729E-03   0.164826E+01   0.215866E+01   0.114185E-01
 941   0.750727E-03   0.164461E+01   0.215817E+01   0.114195E-01
 942   0.762434E-03   0.164164E+01   0.215769E+01   0.114205E-01
 943   0.770794E-03   0.163940E+01   0.215723E+01   0.114214E-01
 944   0.775812E-03   0.163795E+01   0.215676E+01   0.114223E-01
 945   0.777429E-03   0.163732E+01   0.215630E+01   0.114232E-01
 946   0.775704E-03   0.163754E+01   0.215584E+01   0.114241E-01
 947   0.770621E-03   0.163858E+01   0.215536E+01   0.114249E-01
 948   0.762253E-03   0.164044E+01   0.215489E+01   0.114257E-01
 949   0.750637E-03   0.164311E+01   0.215440E+01   0.114266E-01
 950   0.735864E-03   0.164652E+01   0.215392E+01   0.114274E-01
 951   0.717984E-03   0.165061E+01   0.215345E+01   0.114283E-01
 952   0.697115E-03   0.165532E+01   0.215293E+01   0.114294E-01
 953   0.673361E-03   0.166056E+01   0.215240E+01   0.114300E-01
 954   0.646871E-03   0.166624E+01   0.215193E+01   0.114307E-01
 955   0.617731E-03   0.167228E+01   0.215138E+01   0.114313E-01
 956   0.586149E-03   0.167856E+01   0.215085E+01   0.114322E-01
 957   0.552253E-03   0.168499E+01   0.215033E+01   0.114332E-01
 958   0.516238E-03   0.169147E+01   0.214976E+01   0.114338E-01
 959   0.478311E-03   0.169788E+01   0.214922E+01   0.114344E-01
 960   0.438681E-03   0.170414E+01   0.214864E+01   0.114353E-01
 961   0.397576E-03   0.171014E+01   0.214807E+01   0.114361E-01
 962   0.355272E-03   0.171581E+01   0.214753E+01   0.114367E-01
 963   0.312113E-03   0.172106E+01   0.214690E+01   0.114375E-01
 964   0.268490E-03   0.172579E+01   0.214635E+01   0.114385E-01
 965   0.224996E-03   0.173000E+01   0.214574E+01   0.114389E-01
 966   0.182562E-03   0.173357E+01   0.214510E+01   0.114397E-01
 967   0.142989E-03   0.173651E+01   0.214453E+01   0.114407E-01
 968   0.110097E-03   0.173877E+01   0.214389E+01   0.114412E-01
 969   0.918148E-04   0.174031E+01   0.214327E+01   0.114421E-01
 970   0.967438E-04   0.174115E+01   0.214267E+01   0.114431E-01
 971   0.121739E-03   0.174131E+01   0.214204E+01   0.114437E-01
 972   0.156991E-03   0.174075E+01   0.214141E+01   0.114445E-01
 973   0.196435E-03   0.173955E+01   0.214076E+01   0.114454E-01
 974   0.237350E-03   0.173771E+01   0.214012E+01   0.114462E-01
 975   0.278403E-03   0.173530E+01   0.213948E+01   0.114471E-01
 976   0.318853E-03   0.173238E+01   0.213884E+01   0.114480E-01
 977   0.358239E-03   0.172900E+01   0.213820E+01   0.114490E-01
 978   0.396228E-03   0.172524E+01   0.213755E+01   0.114499E-01
 979   0.432543E-03   0.172117E+01   0.213692E+01   0.114509E-01
 980   0.466957E-03   0.171689E+01   0.213626E+01   0.114519E-01
 981   0.499287E-03   0.171248E+01   0.213562E+01   0.114530E-01
 982   0.529379E-03   0.170801E+01   0.213497E+01   0.114540E-01
 983   0.557081E-03   0.170359E+01   0.213432E+01   0.114551E-01
 984   0.582246E-03   0.169932E+01   0.213368E+01   0.114562E-01
 985   0.604778E-03   0.169526E+01   0.213303E+01   0.114573E-01
 986   0.624574E-03   0.169151E+01   0.213238E+01   0.114585E-01
 987   0.641564E-03   0.168813E+01   0.213174E+01   0.114597E-01
 988   0.655681E-03   0.168519E+01   0.213108E+01   0.114610E-01
 989   0.666866E-03   0.168277E+01   0.213044E+01   0.114622E-01
 990   0.675074E-03   0.168090E+01   0.212978E+01   0.114635E-01
 991   0.680292E-03   0.167962E+01   0.212913E+01   0.114649E-01
 992   0.682506E-03   0.167898E+01   0.212847E+01   0.114662E-01
 993   0.681708E-03   0.167898E+01   0.212782E+01   0.114676E-01
 994   0.677929E-03   0.167962E+01   0.212715E+01   0.114690E-01
 995   0.671202E-03   0.168091E+01   0.212649E+01   0.114705E-01
 996   0.661562E-03   0.168282E+01   0.212583E+01   0.114720E-01
 997   0.649087E-03   0.168532E+01   0.212516E+01   0.114735E-01
 998   0.633827E-03   0.168837E+01   0.212449E+01   0.114750E-01
 999   0.615884E-03   0.169192E+01   0.212382E+01   0.114766E-01
1000   0.595336E-03   0.169590E+01   0.212315E+01   0.114782E-01
