 SOUTH BOUNDARY
    J-POINTS  I-POINTS       X-COORD             Y-COORD
       1         1         0.00000E+00         0.00000E+00
       1         2         0.10000E-01         0.00000E+00
       1         3         0.20000E-01         0.00000E+00
       1         4         0.30000E-01         0.00000E+00
       1         5         0.40001E-01         0.00000E+00
       1         6         0.50001E-01         0.00000E+00
       1         7         0.60002E-01         0.00000E+00
       1         8         0.70002E-01         0.00000E+00
       1         9         0.80003E-01         0.00000E+00
       1        10         0.90004E-01         0.00000E+00
       1        11         0.10000E+00         0.00000E+00
       1        12         0.11001E+00         0.00000E+00
       1        13         0.12001E+00         0.00000E+00
       1        14         0.13001E+00         0.00000E+00
       1        15         0.14001E+00         0.00000E+00
       1        16         0.15001E+00         0.00000E+00
       1        17         0.16001E+00         0.00000E+00
       1        18         0.17001E+00         0.00000E+00
       1        19         0.18002E+00         0.00000E+00
       1        20         0.19002E+00         0.00000E+00
       1        21         0.20002E+00         0.00000E+00
       1        22         0.21002E+00         0.00000E+00
       1        23         0.22002E+00         0.00000E+00
       1        24         0.23003E+00         0.00000E+00
       1        25         0.24003E+00         0.00000E+00
       1        26         0.25003E+00         0.00000E+00
       1        27         0.26003E+00         0.00000E+00
       1        28         0.27004E+00         0.00000E+00
       1        29         0.28004E+00         0.00000E+00
       1        30         0.29004E+00         0.00000E+00
       1        31         0.30004E+00         0.00000E+00
       1        32         0.31005E+00         0.00000E+00
       1        33         0.32005E+00         0.00000E+00
       1        34         0.33005E+00         0.00000E+00
       1        35         0.34006E+00         0.00000E+00
       1        36         0.35006E+00         0.00000E+00
       1        37         0.36006E+00         0.00000E+00
       1        38         0.37007E+00         0.00000E+00
       1        39         0.38007E+00         0.00000E+00
       1        40         0.39007E+00         0.00000E+00
       1        41         0.40008E+00         0.00000E+00
       1        42         0.41008E+00         0.00000E+00
       1        43         0.42009E+00         0.00000E+00
       1        44         0.43009E+00         0.00000E+00
       1        45         0.44010E+00         0.00000E+00
       1        46         0.45010E+00         0.00000E+00
       1        47         0.46010E+00         0.00000E+00
       1        48         0.47011E+00         0.00000E+00
       1        49         0.48011E+00         0.00000E+00
       1        50         0.49012E+00         0.00000E+00
       1        51         0.50012E+00         0.00000E+00
       1        52         0.50988E+00         0.00000E+00
       1        53         0.51989E+00         0.00000E+00
       1        54         0.52989E+00         0.00000E+00
       1        55         0.53990E+00         0.00000E+00
       1        56         0.54990E+00         0.00000E+00
       1        57         0.55990E+00         0.00000E+00
       1        58         0.56991E+00         0.00000E+00
       1        59         0.57991E+00         0.00000E+00
       1        60         0.58992E+00         0.00000E+00
       1        61         0.59992E+00         0.00000E+00
       1        62         0.60993E+00         0.00000E+00
       1        63         0.61993E+00         0.00000E+00
       1        64         0.62993E+00         0.00000E+00
       1        65         0.63994E+00         0.00000E+00
       1        66         0.64994E+00         0.00000E+00
       1        67         0.65994E+00         0.00000E+00
       1        68         0.66995E+00         0.00000E+00
       1        69         0.67995E+00         0.00000E+00
       1        70         0.68995E+00         0.00000E+00
       1        71         0.69996E+00         0.00000E+00
       1        72         0.70996E+00         0.00000E+00
       1        73         0.71996E+00         0.00000E+00
       1        74         0.72996E+00         0.00000E+00
       1        75         0.73997E+00         0.00000E+00
       1        76         0.74997E+00         0.00000E+00
       1        77         0.75997E+00         0.00000E+00
       1        78         0.76997E+00         0.00000E+00
       1        79         0.77998E+00         0.00000E+00
       1        80         0.78998E+00         0.00000E+00
       1        81         0.79998E+00         0.00000E+00
       1        82         0.80998E+00         0.00000E+00
       1        83         0.81998E+00         0.00000E+00
       1        84         0.82999E+00         0.00000E+00
       1        85         0.83999E+00         0.00000E+00
       1        86         0.84999E+00         0.00000E+00
       1        87         0.85999E+00         0.00000E+00
       1        88         0.86999E+00         0.00000E+00
       1        89         0.87999E+00         0.00000E+00
       1        90         0.88999E+00         0.00000E+00
       1        91         0.90000E+00         0.00000E+00
       1        92         0.91000E+00         0.00000E+00
       1        93         0.92000E+00         0.00000E+00
       1        94         0.93000E+00         0.00000E+00
       1        95         0.94000E+00         0.00000E+00
       1        96         0.95000E+00         0.00000E+00
       1        97         0.96000E+00         0.00000E+00
       1        98         0.97000E+00         0.00000E+00
       1        99         0.98000E+00         0.00000E+00
       1       100         0.99000E+00         0.00000E+00
       1       101         0.10000E+01         0.00000E+00
 NORTH BOUNDARY
    J-POINTS  I-POINTS       X-COORD             Y-COORD
     101         1         0.00000E+00         0.10000E+01
     101         2         0.10000E-01         0.10000E+01
     101         3         0.20000E-01         0.10000E+01
     101         4         0.30000E-01         0.10000E+01
     101         5         0.40001E-01         0.10000E+01
     101         6         0.50001E-01         0.10000E+01
     101         7         0.60002E-01         0.10000E+01
     101         8         0.70002E-01         0.10000E+01
     101         9         0.80003E-01         0.10000E+01
     101        10         0.90004E-01         0.10000E+01
     101        11         0.10000E+00         0.10000E+01
     101        12         0.11001E+00         0.10000E+01
     101        13         0.12001E+00         0.10000E+01
     101        14         0.13001E+00         0.10000E+01
     101        15         0.14001E+00         0.10000E+01
     101        16         0.15001E+00         0.10000E+01
     101        17         0.16001E+00         0.10000E+01
     101        18         0.17001E+00         0.10000E+01
     101        19         0.18002E+00         0.10000E+01
     101        20         0.19002E+00         0.10000E+01
     101        21         0.20002E+00         0.10000E+01
     101        22         0.21002E+00         0.10000E+01
     101        23         0.22002E+00         0.10000E+01
     101        24         0.23003E+00         0.10000E+01
     101        25         0.24003E+00         0.10000E+01
     101        26         0.25003E+00         0.10000E+01
     101        27         0.26003E+00         0.10000E+01
     101        28         0.27004E+00         0.10000E+01
     101        29         0.28004E+00         0.10000E+01
     101        30         0.29004E+00         0.10000E+01
     101        31         0.30004E+00         0.10000E+01
     101        32         0.31005E+00         0.10000E+01
     101        33         0.32005E+00         0.10000E+01
     101        34         0.33005E+00         0.10000E+01
     101        35         0.34006E+00         0.10000E+01
     101        36         0.35006E+00         0.10000E+01
     101        37         0.36006E+00         0.10000E+01
     101        38         0.37007E+00         0.10000E+01
     101        39         0.38007E+00         0.10000E+01
     101        40         0.39007E+00         0.10000E+01
     101        41         0.40008E+00         0.10000E+01
     101        42         0.41008E+00         0.10000E+01
     101        43         0.42009E+00         0.10000E+01
     101        44         0.43009E+00         0.10000E+01
     101        45         0.44010E+00         0.10000E+01
     101        46         0.45010E+00         0.10000E+01
     101        47         0.46010E+00         0.10000E+01
     101        48         0.47011E+00         0.10000E+01
     101        49         0.48011E+00         0.10000E+01
     101        50         0.49012E+00         0.10000E+01
     101        51         0.50012E+00         0.10000E+01
     101        52         0.50988E+00         0.10000E+01
     101        53         0.51989E+00         0.10000E+01
     101        54         0.52989E+00         0.10000E+01
     101        55         0.53990E+00         0.10000E+01
     101        56         0.54990E+00         0.10000E+01
     101        57         0.55990E+00         0.10000E+01
     101        58         0.56991E+00         0.10000E+01
     101        59         0.57991E+00         0.10000E+01
     101        60         0.58992E+00         0.10000E+01
     101        61         0.59992E+00         0.10000E+01
     101        62         0.60993E+00         0.10000E+01
     101        63         0.61993E+00         0.10000E+01
     101        64         0.62993E+00         0.10000E+01
     101        65         0.63994E+00         0.10000E+01
     101        66         0.64994E+00         0.10000E+01
     101        67         0.65994E+00         0.10000E+01
     101        68         0.66995E+00         0.10000E+01
     101        69         0.67995E+00         0.10000E+01
     101        70         0.68995E+00         0.10000E+01
     101        71         0.69996E+00         0.10000E+01
     101        72         0.70996E+00         0.10000E+01
     101        73         0.71996E+00         0.10000E+01
     101        74         0.72996E+00         0.10000E+01
     101        75         0.73997E+00         0.10000E+01
     101        76         0.74997E+00         0.10000E+01
     101        77         0.75997E+00         0.10000E+01
     101        78         0.76997E+00         0.10000E+01
     101        79         0.77998E+00         0.10000E+01
     101        80         0.78998E+00         0.10000E+01
     101        81         0.79998E+00         0.10000E+01
     101        82         0.80998E+00         0.10000E+01
     101        83         0.81998E+00         0.10000E+01
     101        84         0.82999E+00         0.10000E+01
     101        85         0.83999E+00         0.10000E+01
     101        86         0.84999E+00         0.10000E+01
     101        87         0.85999E+00         0.10000E+01
     101        88         0.86999E+00         0.10000E+01
     101        89         0.87999E+00         0.10000E+01
     101        90         0.88999E+00         0.10000E+01
     101        91         0.90000E+00         0.10000E+01
     101        92         0.91000E+00         0.10000E+01
     101        93         0.92000E+00         0.10000E+01
     101        94         0.93000E+00         0.10000E+01
     101        95         0.94000E+00         0.10000E+01
     101        96         0.95000E+00         0.10000E+01
     101        97         0.96000E+00         0.10000E+01
     101        98         0.97000E+00         0.10000E+01
     101        99         0.98000E+00         0.10000E+01
     101       100         0.99000E+00         0.10000E+01
     101       101         0.10000E+01         0.10000E+01
 WEST BOUNDARY
    I-POINTS  J-POINTS       X-COORD             Y-COORD
       1         1         0.00000E+00         0.00000E+00
       1         2         0.00000E+00         0.10000E-01
       1         3         0.00000E+00         0.20000E-01
       1         4         0.00000E+00         0.30000E-01
       1         5         0.00000E+00         0.40001E-01
       1         6         0.00000E+00         0.50001E-01
       1         7         0.00000E+00         0.60002E-01
       1         8         0.00000E+00         0.70002E-01
       1         9         0.00000E+00         0.80003E-01
       1        10         0.00000E+00         0.90004E-01
       1        11         0.00000E+00         0.10000E+00
       1        12         0.00000E+00         0.11001E+00
       1        13         0.00000E+00         0.12001E+00
       1        14         0.00000E+00         0.13001E+00
       1        15         0.00000E+00         0.14001E+00
       1        16         0.00000E+00         0.15001E+00
       1        17         0.00000E+00         0.16001E+00
       1        18         0.00000E+00         0.17001E+00
       1        19         0.00000E+00         0.18002E+00
       1        20         0.00000E+00         0.19002E+00
       1        21         0.00000E+00         0.20002E+00
       1        22         0.00000E+00         0.21002E+00
       1        23         0.00000E+00         0.22002E+00
       1        24         0.00000E+00         0.23003E+00
       1        25         0.00000E+00         0.24003E+00
       1        26         0.00000E+00         0.25003E+00
       1        27         0.00000E+00         0.26003E+00
       1        28         0.00000E+00         0.27004E+00
       1        29         0.00000E+00         0.28004E+00
       1        30         0.00000E+00         0.29004E+00
       1        31         0.00000E+00         0.30004E+00
       1        32         0.00000E+00         0.31005E+00
       1        33         0.00000E+00         0.32005E+00
       1        34         0.00000E+00         0.33005E+00
       1        35         0.00000E+00         0.34006E+00
       1        36         0.00000E+00         0.35006E+00
       1        37         0.00000E+00         0.36006E+00
       1        38         0.00000E+00         0.37007E+00
       1        39         0.00000E+00         0.38007E+00
       1        40         0.00000E+00         0.39007E+00
       1        41         0.00000E+00         0.40008E+00
       1        42         0.00000E+00         0.41008E+00
       1        43         0.00000E+00         0.42009E+00
       1        44         0.00000E+00         0.43009E+00
       1        45         0.00000E+00         0.44010E+00
       1        46         0.00000E+00         0.45010E+00
       1        47         0.00000E+00         0.46010E+00
       1        48         0.00000E+00         0.47011E+00
       1        49         0.00000E+00         0.48011E+00
       1        50         0.00000E+00         0.49012E+00
       1        51         0.00000E+00         0.50012E+00
       1        52         0.00000E+00         0.50988E+00
       1        53         0.00000E+00         0.51989E+00
       1        54         0.00000E+00         0.52989E+00
       1        55         0.00000E+00         0.53990E+00
       1        56         0.00000E+00         0.54990E+00
       1        57         0.00000E+00         0.55990E+00
       1        58         0.00000E+00         0.56991E+00
       1        59         0.00000E+00         0.57991E+00
       1        60         0.00000E+00         0.58992E+00
       1        61         0.00000E+00         0.59992E+00
       1        62         0.00000E+00         0.60993E+00
       1        63         0.00000E+00         0.61993E+00
       1        64         0.00000E+00         0.62993E+00
       1        65         0.00000E+00         0.63994E+00
       1        66         0.00000E+00         0.64994E+00
       1        67         0.00000E+00         0.65994E+00
       1        68         0.00000E+00         0.66995E+00
       1        69         0.00000E+00         0.67995E+00
       1        70         0.00000E+00         0.68995E+00
       1        71         0.00000E+00         0.69996E+00
       1        72         0.00000E+00         0.70996E+00
       1        73         0.00000E+00         0.71996E+00
       1        74         0.00000E+00         0.72996E+00
       1        75         0.00000E+00         0.73997E+00
       1        76         0.00000E+00         0.74997E+00
       1        77         0.00000E+00         0.75997E+00
       1        78         0.00000E+00         0.76997E+00
       1        79         0.00000E+00         0.77998E+00
       1        80         0.00000E+00         0.78998E+00
       1        81         0.00000E+00         0.79998E+00
       1        82         0.00000E+00         0.80998E+00
       1        83         0.00000E+00         0.81998E+00
       1        84         0.00000E+00         0.82999E+00
       1        85         0.00000E+00         0.83999E+00
       1        86         0.00000E+00         0.84999E+00
       1        87         0.00000E+00         0.85999E+00
       1        88         0.00000E+00         0.86999E+00
       1        89         0.00000E+00         0.87999E+00
       1        90         0.00000E+00         0.88999E+00
       1        91         0.00000E+00         0.90000E+00
       1        92         0.00000E+00         0.91000E+00
       1        93         0.00000E+00         0.92000E+00
       1        94         0.00000E+00         0.93000E+00
       1        95         0.00000E+00         0.94000E+00
       1        96         0.00000E+00         0.95000E+00
       1        97         0.00000E+00         0.96000E+00
       1        98         0.00000E+00         0.97000E+00
       1        99         0.00000E+00         0.98000E+00
       1       100         0.00000E+00         0.99000E+00
       1       101         0.00000E+00         0.10000E+01
 EAST BOUNDARY
    I-POINTS  J-POINTS       X-COORD             Y-COORD
     101         1         0.10000E+01         0.00000E+00
     101         2         0.10000E+01         0.10000E-01
     101         3         0.10000E+01         0.20000E-01
     101         4         0.10000E+01         0.30000E-01
     101         5         0.10000E+01         0.40001E-01
     101         6         0.10000E+01         0.50001E-01
     101         7         0.10000E+01         0.60002E-01
     101         8         0.10000E+01         0.70002E-01
     101         9         0.10000E+01         0.80003E-01
     101        10         0.10000E+01         0.90004E-01
     101        11         0.10000E+01         0.10000E+00
     101        12         0.10000E+01         0.11001E+00
     101        13         0.10000E+01         0.12001E+00
     101        14         0.10000E+01         0.13001E+00
     101        15         0.10000E+01         0.14001E+00
     101        16         0.10000E+01         0.15001E+00
     101        17         0.10000E+01         0.16001E+00
     101        18         0.10000E+01         0.17001E+00
     101        19         0.10000E+01         0.18002E+00
     101        20         0.10000E+01         0.19002E+00
     101        21         0.10000E+01         0.20002E+00
     101        22         0.10000E+01         0.21002E+00
     101        23         0.10000E+01         0.22002E+00
     101        24         0.10000E+01         0.23003E+00
     101        25         0.10000E+01         0.24003E+00
     101        26         0.10000E+01         0.25003E+00
     101        27         0.10000E+01         0.26003E+00
     101        28         0.10000E+01         0.27004E+00
     101        29         0.10000E+01         0.28004E+00
     101        30         0.10000E+01         0.29004E+00
     101        31         0.10000E+01         0.30004E+00
     101        32         0.10000E+01         0.31005E+00
     101        33         0.10000E+01         0.32005E+00
     101        34         0.10000E+01         0.33005E+00
     101        35         0.10000E+01         0.34006E+00
     101        36         0.10000E+01         0.35006E+00
     101        37         0.10000E+01         0.36006E+00
     101        38         0.10000E+01         0.37007E+00
     101        39         0.10000E+01         0.38007E+00
     101        40         0.10000E+01         0.39007E+00
     101        41         0.10000E+01         0.40008E+00
     101        42         0.10000E+01         0.41008E+00
     101        43         0.10000E+01         0.42009E+00
     101        44         0.10000E+01         0.43009E+00
     101        45         0.10000E+01         0.44010E+00
     101        46         0.10000E+01         0.45010E+00
     101        47         0.10000E+01         0.46010E+00
     101        48         0.10000E+01         0.47011E+00
     101        49         0.10000E+01         0.48011E+00
     101        50         0.10000E+01         0.49012E+00
     101        51         0.10000E+01         0.50012E+00
     101        52         0.10000E+01         0.50988E+00
     101        53         0.10000E+01         0.51989E+00
     101        54         0.10000E+01         0.52989E+00
     101        55         0.10000E+01         0.53990E+00
     101        56         0.10000E+01         0.54990E+00
     101        57         0.10000E+01         0.55990E+00
     101        58         0.10000E+01         0.56991E+00
     101        59         0.10000E+01         0.57991E+00
     101        60         0.10000E+01         0.58992E+00
     101        61         0.10000E+01         0.59992E+00
     101        62         0.10000E+01         0.60993E+00
     101        63         0.10000E+01         0.61993E+00
     101        64         0.10000E+01         0.62993E+00
     101        65         0.10000E+01         0.63994E+00
     101        66         0.10000E+01         0.64994E+00
     101        67         0.10000E+01         0.65994E+00
     101        68         0.10000E+01         0.66995E+00
     101        69         0.10000E+01         0.67995E+00
     101        70         0.10000E+01         0.68995E+00
     101        71         0.10000E+01         0.69996E+00
     101        72         0.10000E+01         0.70996E+00
     101        73         0.10000E+01         0.71996E+00
     101        74         0.10000E+01         0.72996E+00
     101        75         0.10000E+01         0.73997E+00
     101        76         0.10000E+01         0.74997E+00
     101        77         0.10000E+01         0.75997E+00
     101        78         0.10000E+01         0.76997E+00
     101        79         0.10000E+01         0.77998E+00
     101        80         0.10000E+01         0.78998E+00
     101        81         0.10000E+01         0.79998E+00
     101        82         0.10000E+01         0.80998E+00
     101        83         0.10000E+01         0.81998E+00
     101        84         0.10000E+01         0.82999E+00
     101        85         0.10000E+01         0.83999E+00
     101        86         0.10000E+01         0.84999E+00
     101        87         0.10000E+01         0.85999E+00
     101        88         0.10000E+01         0.86999E+00
     101        89         0.10000E+01         0.87999E+00
     101        90         0.10000E+01         0.88999E+00
     101        91         0.10000E+01         0.90000E+00
     101        92         0.10000E+01         0.91000E+00
     101        93         0.10000E+01         0.92000E+00
     101        94         0.10000E+01         0.93000E+00
     101        95         0.10000E+01         0.94000E+00
     101        96         0.10000E+01         0.95000E+00
     101        97         0.10000E+01         0.96000E+00
     101        98         0.10000E+01         0.97000E+00
     101        99         0.10000E+01         0.98000E+00
     101       100         0.10000E+01         0.99000E+00
     101       101         0.10000E+01         0.10000E+01
