 SOUTH BOUNDARY
    J-POINTS  I-POINTS       X-COORD             Y-COORD
       1         1         0.00000E+00         0.00000E+00
       1         2         0.24979E-02         0.00000E+00
       1         3         0.49959E-02         0.00000E+00
       1         4         0.74938E-02         0.00000E+00
       1         5         0.99918E-02         0.00000E+00
       1         6         0.12490E-01         0.00000E+00
       1         7         0.14988E-01         0.00000E+00
       1         8         0.17486E-01         0.00000E+00
       1         9         0.19984E-01         0.00000E+00
       1        10         0.22482E-01         0.00000E+00
       1        11         0.24980E-01         0.00000E+00
       1        12         0.27478E-01         0.00000E+00
       1        13         0.29977E-01         0.00000E+00
       1        14         0.32475E-01         0.00000E+00
       1        15         0.34973E-01         0.00000E+00
       1        16         0.37471E-01         0.00000E+00
       1        17         0.39970E-01         0.00000E+00
       1        18         0.42468E-01         0.00000E+00
       1        19         0.44966E-01         0.00000E+00
       1        20         0.47465E-01         0.00000E+00
       1        21         0.49963E-01         0.00000E+00
       1        22         0.52462E-01         0.00000E+00
       1        23         0.54960E-01         0.00000E+00
       1        24         0.57458E-01         0.00000E+00
       1        25         0.59957E-01         0.00000E+00
       1        26         0.62455E-01         0.00000E+00
       1        27         0.64954E-01         0.00000E+00
       1        28         0.67453E-01         0.00000E+00
       1        29         0.69951E-01         0.00000E+00
       1        30         0.72450E-01         0.00000E+00
       1        31         0.74948E-01         0.00000E+00
       1        32         0.77447E-01         0.00000E+00
       1        33         0.79946E-01         0.00000E+00
       1        34         0.82444E-01         0.00000E+00
       1        35         0.84943E-01         0.00000E+00
       1        36         0.87442E-01         0.00000E+00
       1        37         0.89941E-01         0.00000E+00
       1        38         0.92440E-01         0.00000E+00
       1        39         0.94938E-01         0.00000E+00
       1        40         0.97437E-01         0.00000E+00
       1        41         0.99936E-01         0.00000E+00
       1        42         0.10244E+00         0.00000E+00
       1        43         0.10493E+00         0.00000E+00
       1        44         0.10743E+00         0.00000E+00
       1        45         0.10993E+00         0.00000E+00
       1        46         0.11243E+00         0.00000E+00
       1        47         0.11493E+00         0.00000E+00
       1        48         0.11743E+00         0.00000E+00
       1        49         0.11993E+00         0.00000E+00
       1        50         0.12243E+00         0.00000E+00
       1        51         0.12493E+00         0.00000E+00
       1        52         0.12743E+00         0.00000E+00
       1        53         0.12992E+00         0.00000E+00
       1        54         0.13242E+00         0.00000E+00
       1        55         0.13492E+00         0.00000E+00
       1        56         0.13742E+00         0.00000E+00
       1        57         0.13992E+00         0.00000E+00
       1        58         0.14242E+00         0.00000E+00
       1        59         0.14492E+00         0.00000E+00
       1        60         0.14742E+00         0.00000E+00
       1        61         0.14992E+00         0.00000E+00
       1        62         0.15242E+00         0.00000E+00
       1        63         0.15492E+00         0.00000E+00
       1        64         0.15742E+00         0.00000E+00
       1        65         0.15992E+00         0.00000E+00
       1        66         0.16242E+00         0.00000E+00
       1        67         0.16492E+00         0.00000E+00
       1        68         0.16742E+00         0.00000E+00
       1        69         0.16992E+00         0.00000E+00
       1        70         0.17241E+00         0.00000E+00
       1        71         0.17491E+00         0.00000E+00
       1        72         0.17741E+00         0.00000E+00
       1        73         0.17991E+00         0.00000E+00
       1        74         0.18241E+00         0.00000E+00
       1        75         0.18491E+00         0.00000E+00
       1        76         0.18741E+00         0.00000E+00
       1        77         0.18991E+00         0.00000E+00
       1        78         0.19241E+00         0.00000E+00
       1        79         0.19491E+00         0.00000E+00
       1        80         0.19741E+00         0.00000E+00
       1        81         0.19991E+00         0.00000E+00
       1        82         0.20241E+00         0.00000E+00
       1        83         0.20491E+00         0.00000E+00
       1        84         0.20741E+00         0.00000E+00
       1        85         0.20991E+00         0.00000E+00
       1        86         0.21241E+00         0.00000E+00
       1        87         0.21491E+00         0.00000E+00
       1        88         0.21741E+00         0.00000E+00
       1        89         0.21991E+00         0.00000E+00
       1        90         0.22241E+00         0.00000E+00
       1        91         0.22491E+00         0.00000E+00
       1        92         0.22741E+00         0.00000E+00
       1        93         0.22991E+00         0.00000E+00
       1        94         0.23241E+00         0.00000E+00
       1        95         0.23491E+00         0.00000E+00
       1        96         0.23741E+00         0.00000E+00
       1        97         0.23991E+00         0.00000E+00
       1        98         0.24241E+00         0.00000E+00
       1        99         0.24491E+00         0.00000E+00
       1       100         0.24741E+00         0.00000E+00
       1       101         0.24992E+00         0.00000E+00
       1       102         0.25242E+00         0.00000E+00
       1       103         0.25492E+00         0.00000E+00
       1       104         0.25742E+00         0.00000E+00
       1       105         0.25992E+00         0.00000E+00
       1       106         0.26242E+00         0.00000E+00
       1       107         0.26492E+00         0.00000E+00
       1       108         0.26742E+00         0.00000E+00
       1       109         0.26992E+00         0.00000E+00
       1       110         0.27242E+00         0.00000E+00
       1       111         0.27492E+00         0.00000E+00
       1       112         0.27742E+00         0.00000E+00
       1       113         0.27992E+00         0.00000E+00
       1       114         0.28242E+00         0.00000E+00
       1       115         0.28492E+00         0.00000E+00
       1       116         0.28742E+00         0.00000E+00
       1       117         0.28993E+00         0.00000E+00
       1       118         0.29243E+00         0.00000E+00
       1       119         0.29493E+00         0.00000E+00
       1       120         0.29743E+00         0.00000E+00
       1       121         0.29993E+00         0.00000E+00
       1       122         0.30243E+00         0.00000E+00
       1       123         0.30493E+00         0.00000E+00
       1       124         0.30743E+00         0.00000E+00
       1       125         0.30993E+00         0.00000E+00
       1       126         0.31243E+00         0.00000E+00
       1       127         0.31493E+00         0.00000E+00
       1       128         0.31744E+00         0.00000E+00
       1       129         0.31994E+00         0.00000E+00
       1       130         0.32244E+00         0.00000E+00
       1       131         0.32494E+00         0.00000E+00
       1       132         0.32744E+00         0.00000E+00
       1       133         0.32994E+00         0.00000E+00
       1       134         0.33244E+00         0.00000E+00
       1       135         0.33494E+00         0.00000E+00
       1       136         0.33744E+00         0.00000E+00
       1       137         0.33995E+00         0.00000E+00
       1       138         0.34245E+00         0.00000E+00
       1       139         0.34495E+00         0.00000E+00
       1       140         0.34745E+00         0.00000E+00
       1       141         0.34995E+00         0.00000E+00
       1       142         0.35245E+00         0.00000E+00
       1       143         0.35495E+00         0.00000E+00
       1       144         0.35746E+00         0.00000E+00
       1       145         0.35996E+00         0.00000E+00
       1       146         0.36246E+00         0.00000E+00
       1       147         0.36496E+00         0.00000E+00
       1       148         0.36746E+00         0.00000E+00
       1       149         0.36996E+00         0.00000E+00
       1       150         0.37247E+00         0.00000E+00
       1       151         0.37497E+00         0.00000E+00
       1       152         0.37747E+00         0.00000E+00
       1       153         0.37997E+00         0.00000E+00
       1       154         0.38247E+00         0.00000E+00
       1       155         0.38497E+00         0.00000E+00
       1       156         0.38748E+00         0.00000E+00
       1       157         0.38998E+00         0.00000E+00
       1       158         0.39248E+00         0.00000E+00
       1       159         0.39498E+00         0.00000E+00
       1       160         0.39748E+00         0.00000E+00
       1       161         0.39998E+00         0.00000E+00
       1       162         0.40249E+00         0.00000E+00
       1       163         0.40499E+00         0.00000E+00
       1       164         0.40749E+00         0.00000E+00
       1       165         0.40999E+00         0.00000E+00
       1       166         0.41249E+00         0.00000E+00
       1       167         0.41500E+00         0.00000E+00
       1       168         0.41750E+00         0.00000E+00
       1       169         0.42000E+00         0.00000E+00
       1       170         0.42250E+00         0.00000E+00
       1       171         0.42501E+00         0.00000E+00
       1       172         0.42751E+00         0.00000E+00
       1       173         0.43001E+00         0.00000E+00
       1       174         0.43251E+00         0.00000E+00
       1       175         0.43501E+00         0.00000E+00
       1       176         0.43752E+00         0.00000E+00
       1       177         0.44002E+00         0.00000E+00
       1       178         0.44252E+00         0.00000E+00
       1       179         0.44502E+00         0.00000E+00
       1       180         0.44753E+00         0.00000E+00
       1       181         0.45003E+00         0.00000E+00
       1       182         0.45253E+00         0.00000E+00
       1       183         0.45503E+00         0.00000E+00
       1       184         0.45754E+00         0.00000E+00
       1       185         0.46004E+00         0.00000E+00
       1       186         0.46254E+00         0.00000E+00
       1       187         0.46504E+00         0.00000E+00
       1       188         0.46755E+00         0.00000E+00
       1       189         0.47005E+00         0.00000E+00
       1       190         0.47255E+00         0.00000E+00
       1       191         0.47505E+00         0.00000E+00
       1       192         0.47756E+00         0.00000E+00
       1       193         0.48006E+00         0.00000E+00
       1       194         0.48256E+00         0.00000E+00
       1       195         0.48506E+00         0.00000E+00
       1       196         0.48757E+00         0.00000E+00
       1       197         0.49007E+00         0.00000E+00
       1       198         0.49257E+00         0.00000E+00
       1       199         0.49508E+00         0.00000E+00
       1       200         0.49758E+00         0.00000E+00
       1       201         0.50008E+00         0.00000E+00
       1       202         0.50242E+00         0.00000E+00
       1       203         0.50492E+00         0.00000E+00
       1       204         0.50743E+00         0.00000E+00
       1       205         0.50993E+00         0.00000E+00
       1       206         0.51243E+00         0.00000E+00
       1       207         0.51494E+00         0.00000E+00
       1       208         0.51744E+00         0.00000E+00
       1       209         0.51994E+00         0.00000E+00
       1       210         0.52244E+00         0.00000E+00
       1       211         0.52495E+00         0.00000E+00
       1       212         0.52745E+00         0.00000E+00
       1       213         0.52995E+00         0.00000E+00
       1       214         0.53245E+00         0.00000E+00
       1       215         0.53496E+00         0.00000E+00
       1       216         0.53746E+00         0.00000E+00
       1       217         0.53996E+00         0.00000E+00
       1       218         0.54246E+00         0.00000E+00
       1       219         0.54497E+00         0.00000E+00
       1       220         0.54747E+00         0.00000E+00
       1       221         0.54997E+00         0.00000E+00
       1       222         0.55247E+00         0.00000E+00
       1       223         0.55498E+00         0.00000E+00
       1       224         0.55748E+00         0.00000E+00
       1       225         0.55998E+00         0.00000E+00
       1       226         0.56248E+00         0.00000E+00
       1       227         0.56499E+00         0.00000E+00
       1       228         0.56749E+00         0.00000E+00
       1       229         0.56999E+00         0.00000E+00
       1       230         0.57249E+00         0.00000E+00
       1       231         0.57499E+00         0.00000E+00
       1       232         0.57750E+00         0.00000E+00
       1       233         0.58000E+00         0.00000E+00
       1       234         0.58250E+00         0.00000E+00
       1       235         0.58500E+00         0.00000E+00
       1       236         0.58751E+00         0.00000E+00
       1       237         0.59001E+00         0.00000E+00
       1       238         0.59251E+00         0.00000E+00
       1       239         0.59501E+00         0.00000E+00
       1       240         0.59751E+00         0.00000E+00
       1       241         0.60002E+00         0.00000E+00
       1       242         0.60252E+00         0.00000E+00
       1       243         0.60502E+00         0.00000E+00
       1       244         0.60752E+00         0.00000E+00
       1       245         0.61002E+00         0.00000E+00
       1       246         0.61252E+00         0.00000E+00
       1       247         0.61503E+00         0.00000E+00
       1       248         0.61753E+00         0.00000E+00
       1       249         0.62003E+00         0.00000E+00
       1       250         0.62253E+00         0.00000E+00
       1       251         0.62503E+00         0.00000E+00
       1       252         0.62753E+00         0.00000E+00
       1       253         0.63004E+00         0.00000E+00
       1       254         0.63254E+00         0.00000E+00
       1       255         0.63504E+00         0.00000E+00
       1       256         0.63754E+00         0.00000E+00
       1       257         0.64004E+00         0.00000E+00
       1       258         0.64254E+00         0.00000E+00
       1       259         0.64505E+00         0.00000E+00
       1       260         0.64755E+00         0.00000E+00
       1       261         0.65005E+00         0.00000E+00
       1       262         0.65255E+00         0.00000E+00
       1       263         0.65505E+00         0.00000E+00
       1       264         0.65755E+00         0.00000E+00
       1       265         0.66005E+00         0.00000E+00
       1       266         0.66256E+00         0.00000E+00
       1       267         0.66506E+00         0.00000E+00
       1       268         0.66756E+00         0.00000E+00
       1       269         0.67006E+00         0.00000E+00
       1       270         0.67256E+00         0.00000E+00
       1       271         0.67506E+00         0.00000E+00
       1       272         0.67756E+00         0.00000E+00
       1       273         0.68006E+00         0.00000E+00
       1       274         0.68256E+00         0.00000E+00
       1       275         0.68507E+00         0.00000E+00
       1       276         0.68757E+00         0.00000E+00
       1       277         0.69007E+00         0.00000E+00
       1       278         0.69257E+00         0.00000E+00
       1       279         0.69507E+00         0.00000E+00
       1       280         0.69757E+00         0.00000E+00
       1       281         0.70007E+00         0.00000E+00
       1       282         0.70257E+00         0.00000E+00
       1       283         0.70507E+00         0.00000E+00
       1       284         0.70757E+00         0.00000E+00
       1       285         0.71007E+00         0.00000E+00
       1       286         0.71258E+00         0.00000E+00
       1       287         0.71508E+00         0.00000E+00
       1       288         0.71758E+00         0.00000E+00
       1       289         0.72008E+00         0.00000E+00
       1       290         0.72258E+00         0.00000E+00
       1       291         0.72508E+00         0.00000E+00
       1       292         0.72758E+00         0.00000E+00
       1       293         0.73008E+00         0.00000E+00
       1       294         0.73258E+00         0.00000E+00
       1       295         0.73508E+00         0.00000E+00
       1       296         0.73758E+00         0.00000E+00
       1       297         0.74008E+00         0.00000E+00
       1       298         0.74258E+00         0.00000E+00
       1       299         0.74508E+00         0.00000E+00
       1       300         0.74758E+00         0.00000E+00
       1       301         0.75008E+00         0.00000E+00
       1       302         0.75259E+00         0.00000E+00
       1       303         0.75509E+00         0.00000E+00
       1       304         0.75759E+00         0.00000E+00
       1       305         0.76009E+00         0.00000E+00
       1       306         0.76259E+00         0.00000E+00
       1       307         0.76509E+00         0.00000E+00
       1       308         0.76759E+00         0.00000E+00
       1       309         0.77009E+00         0.00000E+00
       1       310         0.77259E+00         0.00000E+00
       1       311         0.77509E+00         0.00000E+00
       1       312         0.77759E+00         0.00000E+00
       1       313         0.78009E+00         0.00000E+00
       1       314         0.78259E+00         0.00000E+00
       1       315         0.78509E+00         0.00000E+00
       1       316         0.78759E+00         0.00000E+00
       1       317         0.79009E+00         0.00000E+00
       1       318         0.79259E+00         0.00000E+00
       1       319         0.79509E+00         0.00000E+00
       1       320         0.79759E+00         0.00000E+00
       1       321         0.80009E+00         0.00000E+00
       1       322         0.80259E+00         0.00000E+00
       1       323         0.80509E+00         0.00000E+00
       1       324         0.80759E+00         0.00000E+00
       1       325         0.81009E+00         0.00000E+00
       1       326         0.81259E+00         0.00000E+00
       1       327         0.81509E+00         0.00000E+00
       1       328         0.81759E+00         0.00000E+00
       1       329         0.82009E+00         0.00000E+00
       1       330         0.82259E+00         0.00000E+00
       1       331         0.82509E+00         0.00000E+00
       1       332         0.82759E+00         0.00000E+00
       1       333         0.83008E+00         0.00000E+00
       1       334         0.83258E+00         0.00000E+00
       1       335         0.83508E+00         0.00000E+00
       1       336         0.83758E+00         0.00000E+00
       1       337         0.84008E+00         0.00000E+00
       1       338         0.84258E+00         0.00000E+00
       1       339         0.84508E+00         0.00000E+00
       1       340         0.84758E+00         0.00000E+00
       1       341         0.85008E+00         0.00000E+00
       1       342         0.85258E+00         0.00000E+00
       1       343         0.85508E+00         0.00000E+00
       1       344         0.85758E+00         0.00000E+00
       1       345         0.86008E+00         0.00000E+00
       1       346         0.86258E+00         0.00000E+00
       1       347         0.86508E+00         0.00000E+00
       1       348         0.86758E+00         0.00000E+00
       1       349         0.87008E+00         0.00000E+00
       1       350         0.87257E+00         0.00000E+00
       1       351         0.87507E+00         0.00000E+00
       1       352         0.87757E+00         0.00000E+00
       1       353         0.88007E+00         0.00000E+00
       1       354         0.88257E+00         0.00000E+00
       1       355         0.88507E+00         0.00000E+00
       1       356         0.88757E+00         0.00000E+00
       1       357         0.89007E+00         0.00000E+00
       1       358         0.89257E+00         0.00000E+00
       1       359         0.89507E+00         0.00000E+00
       1       360         0.89756E+00         0.00000E+00
       1       361         0.90006E+00         0.00000E+00
       1       362         0.90256E+00         0.00000E+00
       1       363         0.90506E+00         0.00000E+00
       1       364         0.90756E+00         0.00000E+00
       1       365         0.91006E+00         0.00000E+00
       1       366         0.91256E+00         0.00000E+00
       1       367         0.91506E+00         0.00000E+00
       1       368         0.91756E+00         0.00000E+00
       1       369         0.92005E+00         0.00000E+00
       1       370         0.92255E+00         0.00000E+00
       1       371         0.92505E+00         0.00000E+00
       1       372         0.92755E+00         0.00000E+00
       1       373         0.93005E+00         0.00000E+00
       1       374         0.93255E+00         0.00000E+00
       1       375         0.93505E+00         0.00000E+00
       1       376         0.93754E+00         0.00000E+00
       1       377         0.94004E+00         0.00000E+00
       1       378         0.94254E+00         0.00000E+00
       1       379         0.94504E+00         0.00000E+00
       1       380         0.94754E+00         0.00000E+00
       1       381         0.95004E+00         0.00000E+00
       1       382         0.95254E+00         0.00000E+00
       1       383         0.95503E+00         0.00000E+00
       1       384         0.95753E+00         0.00000E+00
       1       385         0.96003E+00         0.00000E+00
       1       386         0.96253E+00         0.00000E+00
       1       387         0.96503E+00         0.00000E+00
       1       388         0.96753E+00         0.00000E+00
       1       389         0.97002E+00         0.00000E+00
       1       390         0.97252E+00         0.00000E+00
       1       391         0.97502E+00         0.00000E+00
       1       392         0.97752E+00         0.00000E+00
       1       393         0.98002E+00         0.00000E+00
       1       394         0.98251E+00         0.00000E+00
       1       395         0.98501E+00         0.00000E+00
       1       396         0.98751E+00         0.00000E+00
       1       397         0.99001E+00         0.00000E+00
       1       398         0.99251E+00         0.00000E+00
       1       399         0.99500E+00         0.00000E+00
       1       400         0.99750E+00         0.00000E+00
       1       401         0.10000E+01         0.00000E+00
 NORTH BOUNDARY
    J-POINTS  I-POINTS       X-COORD             Y-COORD
     401         1         0.00000E+00         0.10000E+01
     401         2         0.24979E-02         0.10000E+01
     401         3         0.49959E-02         0.10000E+01
     401         4         0.74938E-02         0.10000E+01
     401         5         0.99918E-02         0.10000E+01
     401         6         0.12490E-01         0.10000E+01
     401         7         0.14988E-01         0.10000E+01
     401         8         0.17486E-01         0.10000E+01
     401         9         0.19984E-01         0.10000E+01
     401        10         0.22482E-01         0.10000E+01
     401        11         0.24980E-01         0.10000E+01
     401        12         0.27478E-01         0.10000E+01
     401        13         0.29977E-01         0.10000E+01
     401        14         0.32475E-01         0.10000E+01
     401        15         0.34973E-01         0.10000E+01
     401        16         0.37471E-01         0.10000E+01
     401        17         0.39970E-01         0.10000E+01
     401        18         0.42468E-01         0.10000E+01
     401        19         0.44966E-01         0.10000E+01
     401        20         0.47465E-01         0.10000E+01
     401        21         0.49963E-01         0.10000E+01
     401        22         0.52462E-01         0.10000E+01
     401        23         0.54960E-01         0.10000E+01
     401        24         0.57458E-01         0.10000E+01
     401        25         0.59957E-01         0.10000E+01
     401        26         0.62455E-01         0.10000E+01
     401        27         0.64954E-01         0.10000E+01
     401        28         0.67453E-01         0.10000E+01
     401        29         0.69951E-01         0.10000E+01
     401        30         0.72450E-01         0.10000E+01
     401        31         0.74948E-01         0.10000E+01
     401        32         0.77447E-01         0.10000E+01
     401        33         0.79946E-01         0.10000E+01
     401        34         0.82444E-01         0.10000E+01
     401        35         0.84943E-01         0.10000E+01
     401        36         0.87442E-01         0.10000E+01
     401        37         0.89941E-01         0.10000E+01
     401        38         0.92440E-01         0.10000E+01
     401        39         0.94938E-01         0.10000E+01
     401        40         0.97437E-01         0.10000E+01
     401        41         0.99936E-01         0.10000E+01
     401        42         0.10244E+00         0.10000E+01
     401        43         0.10493E+00         0.10000E+01
     401        44         0.10743E+00         0.10000E+01
     401        45         0.10993E+00         0.10000E+01
     401        46         0.11243E+00         0.10000E+01
     401        47         0.11493E+00         0.10000E+01
     401        48         0.11743E+00         0.10000E+01
     401        49         0.11993E+00         0.10000E+01
     401        50         0.12243E+00         0.10000E+01
     401        51         0.12493E+00         0.10000E+01
     401        52         0.12743E+00         0.10000E+01
     401        53         0.12992E+00         0.10000E+01
     401        54         0.13242E+00         0.10000E+01
     401        55         0.13492E+00         0.10000E+01
     401        56         0.13742E+00         0.10000E+01
     401        57         0.13992E+00         0.10000E+01
     401        58         0.14242E+00         0.10000E+01
     401        59         0.14492E+00         0.10000E+01
     401        60         0.14742E+00         0.10000E+01
     401        61         0.14992E+00         0.10000E+01
     401        62         0.15242E+00         0.10000E+01
     401        63         0.15492E+00         0.10000E+01
     401        64         0.15742E+00         0.10000E+01
     401        65         0.15992E+00         0.10000E+01
     401        66         0.16242E+00         0.10000E+01
     401        67         0.16492E+00         0.10000E+01
     401        68         0.16742E+00         0.10000E+01
     401        69         0.16992E+00         0.10000E+01
     401        70         0.17241E+00         0.10000E+01
     401        71         0.17491E+00         0.10000E+01
     401        72         0.17741E+00         0.10000E+01
     401        73         0.17991E+00         0.10000E+01
     401        74         0.18241E+00         0.10000E+01
     401        75         0.18491E+00         0.10000E+01
     401        76         0.18741E+00         0.10000E+01
     401        77         0.18991E+00         0.10000E+01
     401        78         0.19241E+00         0.10000E+01
     401        79         0.19491E+00         0.10000E+01
     401        80         0.19741E+00         0.10000E+01
     401        81         0.19991E+00         0.10000E+01
     401        82         0.20241E+00         0.10000E+01
     401        83         0.20491E+00         0.10000E+01
     401        84         0.20741E+00         0.10000E+01
     401        85         0.20991E+00         0.10000E+01
     401        86         0.21241E+00         0.10000E+01
     401        87         0.21491E+00         0.10000E+01
     401        88         0.21741E+00         0.10000E+01
     401        89         0.21991E+00         0.10000E+01
     401        90         0.22241E+00         0.10000E+01
     401        91         0.22491E+00         0.10000E+01
     401        92         0.22741E+00         0.10000E+01
     401        93         0.22991E+00         0.10000E+01
     401        94         0.23241E+00         0.10000E+01
     401        95         0.23491E+00         0.10000E+01
     401        96         0.23741E+00         0.10000E+01
     401        97         0.23991E+00         0.10000E+01
     401        98         0.24241E+00         0.10000E+01
     401        99         0.24491E+00         0.10000E+01
     401       100         0.24741E+00         0.10000E+01
     401       101         0.24992E+00         0.10000E+01
     401       102         0.25242E+00         0.10000E+01
     401       103         0.25492E+00         0.10000E+01
     401       104         0.25742E+00         0.10000E+01
     401       105         0.25992E+00         0.10000E+01
     401       106         0.26242E+00         0.10000E+01
     401       107         0.26492E+00         0.10000E+01
     401       108         0.26742E+00         0.10000E+01
     401       109         0.26992E+00         0.10000E+01
     401       110         0.27242E+00         0.10000E+01
     401       111         0.27492E+00         0.10000E+01
     401       112         0.27742E+00         0.10000E+01
     401       113         0.27992E+00         0.10000E+01
     401       114         0.28242E+00         0.10000E+01
     401       115         0.28492E+00         0.10000E+01
     401       116         0.28742E+00         0.10000E+01
     401       117         0.28993E+00         0.10000E+01
     401       118         0.29243E+00         0.10000E+01
     401       119         0.29493E+00         0.10000E+01
     401       120         0.29743E+00         0.10000E+01
     401       121         0.29993E+00         0.10000E+01
     401       122         0.30243E+00         0.10000E+01
     401       123         0.30493E+00         0.10000E+01
     401       124         0.30743E+00         0.10000E+01
     401       125         0.30993E+00         0.10000E+01
     401       126         0.31243E+00         0.10000E+01
     401       127         0.31493E+00         0.10000E+01
     401       128         0.31744E+00         0.10000E+01
     401       129         0.31994E+00         0.10000E+01
     401       130         0.32244E+00         0.10000E+01
     401       131         0.32494E+00         0.10000E+01
     401       132         0.32744E+00         0.10000E+01
     401       133         0.32994E+00         0.10000E+01
     401       134         0.33244E+00         0.10000E+01
     401       135         0.33494E+00         0.10000E+01
     401       136         0.33744E+00         0.10000E+01
     401       137         0.33995E+00         0.10000E+01
     401       138         0.34245E+00         0.10000E+01
     401       139         0.34495E+00         0.10000E+01
     401       140         0.34745E+00         0.10000E+01
     401       141         0.34995E+00         0.10000E+01
     401       142         0.35245E+00         0.10000E+01
     401       143         0.35495E+00         0.10000E+01
     401       144         0.35746E+00         0.10000E+01
     401       145         0.35996E+00         0.10000E+01
     401       146         0.36246E+00         0.10000E+01
     401       147         0.36496E+00         0.10000E+01
     401       148         0.36746E+00         0.10000E+01
     401       149         0.36996E+00         0.10000E+01
     401       150         0.37247E+00         0.10000E+01
     401       151         0.37497E+00         0.10000E+01
     401       152         0.37747E+00         0.10000E+01
     401       153         0.37997E+00         0.10000E+01
     401       154         0.38247E+00         0.10000E+01
     401       155         0.38497E+00         0.10000E+01
     401       156         0.38748E+00         0.10000E+01
     401       157         0.38998E+00         0.10000E+01
     401       158         0.39248E+00         0.10000E+01
     401       159         0.39498E+00         0.10000E+01
     401       160         0.39748E+00         0.10000E+01
     401       161         0.39998E+00         0.10000E+01
     401       162         0.40249E+00         0.10000E+01
     401       163         0.40499E+00         0.10000E+01
     401       164         0.40749E+00         0.10000E+01
     401       165         0.40999E+00         0.10000E+01
     401       166         0.41249E+00         0.10000E+01
     401       167         0.41500E+00         0.10000E+01
     401       168         0.41750E+00         0.10000E+01
     401       169         0.42000E+00         0.10000E+01
     401       170         0.42250E+00         0.10000E+01
     401       171         0.42501E+00         0.10000E+01
     401       172         0.42751E+00         0.10000E+01
     401       173         0.43001E+00         0.10000E+01
     401       174         0.43251E+00         0.10000E+01
     401       175         0.43501E+00         0.10000E+01
     401       176         0.43752E+00         0.10000E+01
     401       177         0.44002E+00         0.10000E+01
     401       178         0.44252E+00         0.10000E+01
     401       179         0.44502E+00         0.10000E+01
     401       180         0.44753E+00         0.10000E+01
     401       181         0.45003E+00         0.10000E+01
     401       182         0.45253E+00         0.10000E+01
     401       183         0.45503E+00         0.10000E+01
     401       184         0.45754E+00         0.10000E+01
     401       185         0.46004E+00         0.10000E+01
     401       186         0.46254E+00         0.10000E+01
     401       187         0.46504E+00         0.10000E+01
     401       188         0.46755E+00         0.10000E+01
     401       189         0.47005E+00         0.10000E+01
     401       190         0.47255E+00         0.10000E+01
     401       191         0.47505E+00         0.10000E+01
     401       192         0.47756E+00         0.10000E+01
     401       193         0.48006E+00         0.10000E+01
     401       194         0.48256E+00         0.10000E+01
     401       195         0.48506E+00         0.10000E+01
     401       196         0.48757E+00         0.10000E+01
     401       197         0.49007E+00         0.10000E+01
     401       198         0.49257E+00         0.10000E+01
     401       199         0.49508E+00         0.10000E+01
     401       200         0.49758E+00         0.10000E+01
     401       201         0.50008E+00         0.10000E+01
     401       202         0.50242E+00         0.10000E+01
     401       203         0.50492E+00         0.10000E+01
     401       204         0.50743E+00         0.10000E+01
     401       205         0.50993E+00         0.10000E+01
     401       206         0.51243E+00         0.10000E+01
     401       207         0.51494E+00         0.10000E+01
     401       208         0.51744E+00         0.10000E+01
     401       209         0.51994E+00         0.10000E+01
     401       210         0.52244E+00         0.10000E+01
     401       211         0.52495E+00         0.10000E+01
     401       212         0.52745E+00         0.10000E+01
     401       213         0.52995E+00         0.10000E+01
     401       214         0.53245E+00         0.10000E+01
     401       215         0.53496E+00         0.10000E+01
     401       216         0.53746E+00         0.10000E+01
     401       217         0.53996E+00         0.10000E+01
     401       218         0.54246E+00         0.10000E+01
     401       219         0.54497E+00         0.10000E+01
     401       220         0.54747E+00         0.10000E+01
     401       221         0.54997E+00         0.10000E+01
     401       222         0.55247E+00         0.10000E+01
     401       223         0.55498E+00         0.10000E+01
     401       224         0.55748E+00         0.10000E+01
     401       225         0.55998E+00         0.10000E+01
     401       226         0.56248E+00         0.10000E+01
     401       227         0.56499E+00         0.10000E+01
     401       228         0.56749E+00         0.10000E+01
     401       229         0.56999E+00         0.10000E+01
     401       230         0.57249E+00         0.10000E+01
     401       231         0.57499E+00         0.10000E+01
     401       232         0.57750E+00         0.10000E+01
     401       233         0.58000E+00         0.10000E+01
     401       234         0.58250E+00         0.10000E+01
     401       235         0.58500E+00         0.10000E+01
     401       236         0.58751E+00         0.10000E+01
     401       237         0.59001E+00         0.10000E+01
     401       238         0.59251E+00         0.10000E+01
     401       239         0.59501E+00         0.10000E+01
     401       240         0.59751E+00         0.10000E+01
     401       241         0.60002E+00         0.10000E+01
     401       242         0.60252E+00         0.10000E+01
     401       243         0.60502E+00         0.10000E+01
     401       244         0.60752E+00         0.10000E+01
     401       245         0.61002E+00         0.10000E+01
     401       246         0.61252E+00         0.10000E+01
     401       247         0.61503E+00         0.10000E+01
     401       248         0.61753E+00         0.10000E+01
     401       249         0.62003E+00         0.10000E+01
     401       250         0.62253E+00         0.10000E+01
     401       251         0.62503E+00         0.10000E+01
     401       252         0.62753E+00         0.10000E+01
     401       253         0.63004E+00         0.10000E+01
     401       254         0.63254E+00         0.10000E+01
     401       255         0.63504E+00         0.10000E+01
     401       256         0.63754E+00         0.10000E+01
     401       257         0.64004E+00         0.10000E+01
     401       258         0.64254E+00         0.10000E+01
     401       259         0.64505E+00         0.10000E+01
     401       260         0.64755E+00         0.10000E+01
     401       261         0.65005E+00         0.10000E+01
     401       262         0.65255E+00         0.10000E+01
     401       263         0.65505E+00         0.10000E+01
     401       264         0.65755E+00         0.10000E+01
     401       265         0.66005E+00         0.10000E+01
     401       266         0.66256E+00         0.10000E+01
     401       267         0.66506E+00         0.10000E+01
     401       268         0.66756E+00         0.10000E+01
     401       269         0.67006E+00         0.10000E+01
     401       270         0.67256E+00         0.10000E+01
     401       271         0.67506E+00         0.10000E+01
     401       272         0.67756E+00         0.10000E+01
     401       273         0.68006E+00         0.10000E+01
     401       274         0.68256E+00         0.10000E+01
     401       275         0.68507E+00         0.10000E+01
     401       276         0.68757E+00         0.10000E+01
     401       277         0.69007E+00         0.10000E+01
     401       278         0.69257E+00         0.10000E+01
     401       279         0.69507E+00         0.10000E+01
     401       280         0.69757E+00         0.10000E+01
     401       281         0.70007E+00         0.10000E+01
     401       282         0.70257E+00         0.10000E+01
     401       283         0.70507E+00         0.10000E+01
     401       284         0.70757E+00         0.10000E+01
     401       285         0.71007E+00         0.10000E+01
     401       286         0.71258E+00         0.10000E+01
     401       287         0.71508E+00         0.10000E+01
     401       288         0.71758E+00         0.10000E+01
     401       289         0.72008E+00         0.10000E+01
     401       290         0.72258E+00         0.10000E+01
     401       291         0.72508E+00         0.10000E+01
     401       292         0.72758E+00         0.10000E+01
     401       293         0.73008E+00         0.10000E+01
     401       294         0.73258E+00         0.10000E+01
     401       295         0.73508E+00         0.10000E+01
     401       296         0.73758E+00         0.10000E+01
     401       297         0.74008E+00         0.10000E+01
     401       298         0.74258E+00         0.10000E+01
     401       299         0.74508E+00         0.10000E+01
     401       300         0.74758E+00         0.10000E+01
     401       301         0.75008E+00         0.10000E+01
     401       302         0.75259E+00         0.10000E+01
     401       303         0.75509E+00         0.10000E+01
     401       304         0.75759E+00         0.10000E+01
     401       305         0.76009E+00         0.10000E+01
     401       306         0.76259E+00         0.10000E+01
     401       307         0.76509E+00         0.10000E+01
     401       308         0.76759E+00         0.10000E+01
     401       309         0.77009E+00         0.10000E+01
     401       310         0.77259E+00         0.10000E+01
     401       311         0.77509E+00         0.10000E+01
     401       312         0.77759E+00         0.10000E+01
     401       313         0.78009E+00         0.10000E+01
     401       314         0.78259E+00         0.10000E+01
     401       315         0.78509E+00         0.10000E+01
     401       316         0.78759E+00         0.10000E+01
     401       317         0.79009E+00         0.10000E+01
     401       318         0.79259E+00         0.10000E+01
     401       319         0.79509E+00         0.10000E+01
     401       320         0.79759E+00         0.10000E+01
     401       321         0.80009E+00         0.10000E+01
     401       322         0.80259E+00         0.10000E+01
     401       323         0.80509E+00         0.10000E+01
     401       324         0.80759E+00         0.10000E+01
     401       325         0.81009E+00         0.10000E+01
     401       326         0.81259E+00         0.10000E+01
     401       327         0.81509E+00         0.10000E+01
     401       328         0.81759E+00         0.10000E+01
     401       329         0.82009E+00         0.10000E+01
     401       330         0.82259E+00         0.10000E+01
     401       331         0.82509E+00         0.10000E+01
     401       332         0.82759E+00         0.10000E+01
     401       333         0.83008E+00         0.10000E+01
     401       334         0.83258E+00         0.10000E+01
     401       335         0.83508E+00         0.10000E+01
     401       336         0.83758E+00         0.10000E+01
     401       337         0.84008E+00         0.10000E+01
     401       338         0.84258E+00         0.10000E+01
     401       339         0.84508E+00         0.10000E+01
     401       340         0.84758E+00         0.10000E+01
     401       341         0.85008E+00         0.10000E+01
     401       342         0.85258E+00         0.10000E+01
     401       343         0.85508E+00         0.10000E+01
     401       344         0.85758E+00         0.10000E+01
     401       345         0.86008E+00         0.10000E+01
     401       346         0.86258E+00         0.10000E+01
     401       347         0.86508E+00         0.10000E+01
     401       348         0.86758E+00         0.10000E+01
     401       349         0.87008E+00         0.10000E+01
     401       350         0.87257E+00         0.10000E+01
     401       351         0.87507E+00         0.10000E+01
     401       352         0.87757E+00         0.10000E+01
     401       353         0.88007E+00         0.10000E+01
     401       354         0.88257E+00         0.10000E+01
     401       355         0.88507E+00         0.10000E+01
     401       356         0.88757E+00         0.10000E+01
     401       357         0.89007E+00         0.10000E+01
     401       358         0.89257E+00         0.10000E+01
     401       359         0.89507E+00         0.10000E+01
     401       360         0.89756E+00         0.10000E+01
     401       361         0.90006E+00         0.10000E+01
     401       362         0.90256E+00         0.10000E+01
     401       363         0.90506E+00         0.10000E+01
     401       364         0.90756E+00         0.10000E+01
     401       365         0.91006E+00         0.10000E+01
     401       366         0.91256E+00         0.10000E+01
     401       367         0.91506E+00         0.10000E+01
     401       368         0.91756E+00         0.10000E+01
     401       369         0.92005E+00         0.10000E+01
     401       370         0.92255E+00         0.10000E+01
     401       371         0.92505E+00         0.10000E+01
     401       372         0.92755E+00         0.10000E+01
     401       373         0.93005E+00         0.10000E+01
     401       374         0.93255E+00         0.10000E+01
     401       375         0.93505E+00         0.10000E+01
     401       376         0.93754E+00         0.10000E+01
     401       377         0.94004E+00         0.10000E+01
     401       378         0.94254E+00         0.10000E+01
     401       379         0.94504E+00         0.10000E+01
     401       380         0.94754E+00         0.10000E+01
     401       381         0.95004E+00         0.10000E+01
     401       382         0.95254E+00         0.10000E+01
     401       383         0.95503E+00         0.10000E+01
     401       384         0.95753E+00         0.10000E+01
     401       385         0.96003E+00         0.10000E+01
     401       386         0.96253E+00         0.10000E+01
     401       387         0.96503E+00         0.10000E+01
     401       388         0.96753E+00         0.10000E+01
     401       389         0.97002E+00         0.10000E+01
     401       390         0.97252E+00         0.10000E+01
     401       391         0.97502E+00         0.10000E+01
     401       392         0.97752E+00         0.10000E+01
     401       393         0.98002E+00         0.10000E+01
     401       394         0.98251E+00         0.10000E+01
     401       395         0.98501E+00         0.10000E+01
     401       396         0.98751E+00         0.10000E+01
     401       397         0.99001E+00         0.10000E+01
     401       398         0.99251E+00         0.10000E+01
     401       399         0.99500E+00         0.10000E+01
     401       400         0.99750E+00         0.10000E+01
     401       401         0.10000E+01         0.10000E+01
 WEST BOUNDARY
    I-POINTS  J-POINTS       X-COORD             Y-COORD
       1         1         0.00000E+00         0.00000E+00
       1         2         0.00000E+00         0.24979E-02
       1         3         0.00000E+00         0.49959E-02
       1         4         0.00000E+00         0.74938E-02
       1         5         0.00000E+00         0.99918E-02
       1         6         0.00000E+00         0.12490E-01
       1         7         0.00000E+00         0.14988E-01
       1         8         0.00000E+00         0.17486E-01
       1         9         0.00000E+00         0.19984E-01
       1        10         0.00000E+00         0.22482E-01
       1        11         0.00000E+00         0.24980E-01
       1        12         0.00000E+00         0.27478E-01
       1        13         0.00000E+00         0.29977E-01
       1        14         0.00000E+00         0.32475E-01
       1        15         0.00000E+00         0.34973E-01
       1        16         0.00000E+00         0.37471E-01
       1        17         0.00000E+00         0.39970E-01
       1        18         0.00000E+00         0.42468E-01
       1        19         0.00000E+00         0.44966E-01
       1        20         0.00000E+00         0.47465E-01
       1        21         0.00000E+00         0.49963E-01
       1        22         0.00000E+00         0.52462E-01
       1        23         0.00000E+00         0.54960E-01
       1        24         0.00000E+00         0.57458E-01
       1        25         0.00000E+00         0.59957E-01
       1        26         0.00000E+00         0.62455E-01
       1        27         0.00000E+00         0.64954E-01
       1        28         0.00000E+00         0.67453E-01
       1        29         0.00000E+00         0.69951E-01
       1        30         0.00000E+00         0.72450E-01
       1        31         0.00000E+00         0.74948E-01
       1        32         0.00000E+00         0.77447E-01
       1        33         0.00000E+00         0.79946E-01
       1        34         0.00000E+00         0.82444E-01
       1        35         0.00000E+00         0.84943E-01
       1        36         0.00000E+00         0.87442E-01
       1        37         0.00000E+00         0.89941E-01
       1        38         0.00000E+00         0.92440E-01
       1        39         0.00000E+00         0.94938E-01
       1        40         0.00000E+00         0.97437E-01
       1        41         0.00000E+00         0.99936E-01
       1        42         0.00000E+00         0.10244E+00
       1        43         0.00000E+00         0.10493E+00
       1        44         0.00000E+00         0.10743E+00
       1        45         0.00000E+00         0.10993E+00
       1        46         0.00000E+00         0.11243E+00
       1        47         0.00000E+00         0.11493E+00
       1        48         0.00000E+00         0.11743E+00
       1        49         0.00000E+00         0.11993E+00
       1        50         0.00000E+00         0.12243E+00
       1        51         0.00000E+00         0.12493E+00
       1        52         0.00000E+00         0.12743E+00
       1        53         0.00000E+00         0.12992E+00
       1        54         0.00000E+00         0.13242E+00
       1        55         0.00000E+00         0.13492E+00
       1        56         0.00000E+00         0.13742E+00
       1        57         0.00000E+00         0.13992E+00
       1        58         0.00000E+00         0.14242E+00
       1        59         0.00000E+00         0.14492E+00
       1        60         0.00000E+00         0.14742E+00
       1        61         0.00000E+00         0.14992E+00
       1        62         0.00000E+00         0.15242E+00
       1        63         0.00000E+00         0.15492E+00
       1        64         0.00000E+00         0.15742E+00
       1        65         0.00000E+00         0.15992E+00
       1        66         0.00000E+00         0.16242E+00
       1        67         0.00000E+00         0.16492E+00
       1        68         0.00000E+00         0.16742E+00
       1        69         0.00000E+00         0.16992E+00
       1        70         0.00000E+00         0.17241E+00
       1        71         0.00000E+00         0.17491E+00
       1        72         0.00000E+00         0.17741E+00
       1        73         0.00000E+00         0.17991E+00
       1        74         0.00000E+00         0.18241E+00
       1        75         0.00000E+00         0.18491E+00
       1        76         0.00000E+00         0.18741E+00
       1        77         0.00000E+00         0.18991E+00
       1        78         0.00000E+00         0.19241E+00
       1        79         0.00000E+00         0.19491E+00
       1        80         0.00000E+00         0.19741E+00
       1        81         0.00000E+00         0.19991E+00
       1        82         0.00000E+00         0.20241E+00
       1        83         0.00000E+00         0.20491E+00
       1        84         0.00000E+00         0.20741E+00
       1        85         0.00000E+00         0.20991E+00
       1        86         0.00000E+00         0.21241E+00
       1        87         0.00000E+00         0.21491E+00
       1        88         0.00000E+00         0.21741E+00
       1        89         0.00000E+00         0.21991E+00
       1        90         0.00000E+00         0.22241E+00
       1        91         0.00000E+00         0.22491E+00
       1        92         0.00000E+00         0.22741E+00
       1        93         0.00000E+00         0.22991E+00
       1        94         0.00000E+00         0.23241E+00
       1        95         0.00000E+00         0.23491E+00
       1        96         0.00000E+00         0.23741E+00
       1        97         0.00000E+00         0.23991E+00
       1        98         0.00000E+00         0.24241E+00
       1        99         0.00000E+00         0.24491E+00
       1       100         0.00000E+00         0.24741E+00
       1       101         0.00000E+00         0.24992E+00
       1       102         0.00000E+00         0.25242E+00
       1       103         0.00000E+00         0.25492E+00
       1       104         0.00000E+00         0.25742E+00
       1       105         0.00000E+00         0.25992E+00
       1       106         0.00000E+00         0.26242E+00
       1       107         0.00000E+00         0.26492E+00
       1       108         0.00000E+00         0.26742E+00
       1       109         0.00000E+00         0.26992E+00
       1       110         0.00000E+00         0.27242E+00
       1       111         0.00000E+00         0.27492E+00
       1       112         0.00000E+00         0.27742E+00
       1       113         0.00000E+00         0.27992E+00
       1       114         0.00000E+00         0.28242E+00
       1       115         0.00000E+00         0.28492E+00
       1       116         0.00000E+00         0.28742E+00
       1       117         0.00000E+00         0.28993E+00
       1       118         0.00000E+00         0.29243E+00
       1       119         0.00000E+00         0.29493E+00
       1       120         0.00000E+00         0.29743E+00
       1       121         0.00000E+00         0.29993E+00
       1       122         0.00000E+00         0.30243E+00
       1       123         0.00000E+00         0.30493E+00
       1       124         0.00000E+00         0.30743E+00
       1       125         0.00000E+00         0.30993E+00
       1       126         0.00000E+00         0.31243E+00
       1       127         0.00000E+00         0.31493E+00
       1       128         0.00000E+00         0.31744E+00
       1       129         0.00000E+00         0.31994E+00
       1       130         0.00000E+00         0.32244E+00
       1       131         0.00000E+00         0.32494E+00
       1       132         0.00000E+00         0.32744E+00
       1       133         0.00000E+00         0.32994E+00
       1       134         0.00000E+00         0.33244E+00
       1       135         0.00000E+00         0.33494E+00
       1       136         0.00000E+00         0.33744E+00
       1       137         0.00000E+00         0.33995E+00
       1       138         0.00000E+00         0.34245E+00
       1       139         0.00000E+00         0.34495E+00
       1       140         0.00000E+00         0.34745E+00
       1       141         0.00000E+00         0.34995E+00
       1       142         0.00000E+00         0.35245E+00
       1       143         0.00000E+00         0.35495E+00
       1       144         0.00000E+00         0.35746E+00
       1       145         0.00000E+00         0.35996E+00
       1       146         0.00000E+00         0.36246E+00
       1       147         0.00000E+00         0.36496E+00
       1       148         0.00000E+00         0.36746E+00
       1       149         0.00000E+00         0.36996E+00
       1       150         0.00000E+00         0.37247E+00
       1       151         0.00000E+00         0.37497E+00
       1       152         0.00000E+00         0.37747E+00
       1       153         0.00000E+00         0.37997E+00
       1       154         0.00000E+00         0.38247E+00
       1       155         0.00000E+00         0.38497E+00
       1       156         0.00000E+00         0.38748E+00
       1       157         0.00000E+00         0.38998E+00
       1       158         0.00000E+00         0.39248E+00
       1       159         0.00000E+00         0.39498E+00
       1       160         0.00000E+00         0.39748E+00
       1       161         0.00000E+00         0.39998E+00
       1       162         0.00000E+00         0.40249E+00
       1       163         0.00000E+00         0.40499E+00
       1       164         0.00000E+00         0.40749E+00
       1       165         0.00000E+00         0.40999E+00
       1       166         0.00000E+00         0.41249E+00
       1       167         0.00000E+00         0.41500E+00
       1       168         0.00000E+00         0.41750E+00
       1       169         0.00000E+00         0.42000E+00
       1       170         0.00000E+00         0.42250E+00
       1       171         0.00000E+00         0.42501E+00
       1       172         0.00000E+00         0.42751E+00
       1       173         0.00000E+00         0.43001E+00
       1       174         0.00000E+00         0.43251E+00
       1       175         0.00000E+00         0.43501E+00
       1       176         0.00000E+00         0.43752E+00
       1       177         0.00000E+00         0.44002E+00
       1       178         0.00000E+00         0.44252E+00
       1       179         0.00000E+00         0.44502E+00
       1       180         0.00000E+00         0.44753E+00
       1       181         0.00000E+00         0.45003E+00
       1       182         0.00000E+00         0.45253E+00
       1       183         0.00000E+00         0.45503E+00
       1       184         0.00000E+00         0.45754E+00
       1       185         0.00000E+00         0.46004E+00
       1       186         0.00000E+00         0.46254E+00
       1       187         0.00000E+00         0.46504E+00
       1       188         0.00000E+00         0.46755E+00
       1       189         0.00000E+00         0.47005E+00
       1       190         0.00000E+00         0.47255E+00
       1       191         0.00000E+00         0.47505E+00
       1       192         0.00000E+00         0.47756E+00
       1       193         0.00000E+00         0.48006E+00
       1       194         0.00000E+00         0.48256E+00
       1       195         0.00000E+00         0.48506E+00
       1       196         0.00000E+00         0.48757E+00
       1       197         0.00000E+00         0.49007E+00
       1       198         0.00000E+00         0.49257E+00
       1       199         0.00000E+00         0.49508E+00
       1       200         0.00000E+00         0.49758E+00
       1       201         0.00000E+00         0.50008E+00
       1       202         0.00000E+00         0.50242E+00
       1       203         0.00000E+00         0.50492E+00
       1       204         0.00000E+00         0.50743E+00
       1       205         0.00000E+00         0.50993E+00
       1       206         0.00000E+00         0.51243E+00
       1       207         0.00000E+00         0.51494E+00
       1       208         0.00000E+00         0.51744E+00
       1       209         0.00000E+00         0.51994E+00
       1       210         0.00000E+00         0.52244E+00
       1       211         0.00000E+00         0.52495E+00
       1       212         0.00000E+00         0.52745E+00
       1       213         0.00000E+00         0.52995E+00
       1       214         0.00000E+00         0.53245E+00
       1       215         0.00000E+00         0.53496E+00
       1       216         0.00000E+00         0.53746E+00
       1       217         0.00000E+00         0.53996E+00
       1       218         0.00000E+00         0.54246E+00
       1       219         0.00000E+00         0.54497E+00
       1       220         0.00000E+00         0.54747E+00
       1       221         0.00000E+00         0.54997E+00
       1       222         0.00000E+00         0.55247E+00
       1       223         0.00000E+00         0.55498E+00
       1       224         0.00000E+00         0.55748E+00
       1       225         0.00000E+00         0.55998E+00
       1       226         0.00000E+00         0.56248E+00
       1       227         0.00000E+00         0.56499E+00
       1       228         0.00000E+00         0.56749E+00
       1       229         0.00000E+00         0.56999E+00
       1       230         0.00000E+00         0.57249E+00
       1       231         0.00000E+00         0.57499E+00
       1       232         0.00000E+00         0.57750E+00
       1       233         0.00000E+00         0.58000E+00
       1       234         0.00000E+00         0.58250E+00
       1       235         0.00000E+00         0.58500E+00
       1       236         0.00000E+00         0.58751E+00
       1       237         0.00000E+00         0.59001E+00
       1       238         0.00000E+00         0.59251E+00
       1       239         0.00000E+00         0.59501E+00
       1       240         0.00000E+00         0.59751E+00
       1       241         0.00000E+00         0.60002E+00
       1       242         0.00000E+00         0.60252E+00
       1       243         0.00000E+00         0.60502E+00
       1       244         0.00000E+00         0.60752E+00
       1       245         0.00000E+00         0.61002E+00
       1       246         0.00000E+00         0.61252E+00
       1       247         0.00000E+00         0.61503E+00
       1       248         0.00000E+00         0.61753E+00
       1       249         0.00000E+00         0.62003E+00
       1       250         0.00000E+00         0.62253E+00
       1       251         0.00000E+00         0.62503E+00
       1       252         0.00000E+00         0.62753E+00
       1       253         0.00000E+00         0.63004E+00
       1       254         0.00000E+00         0.63254E+00
       1       255         0.00000E+00         0.63504E+00
       1       256         0.00000E+00         0.63754E+00
       1       257         0.00000E+00         0.64004E+00
       1       258         0.00000E+00         0.64254E+00
       1       259         0.00000E+00         0.64505E+00
       1       260         0.00000E+00         0.64755E+00
       1       261         0.00000E+00         0.65005E+00
       1       262         0.00000E+00         0.65255E+00
       1       263         0.00000E+00         0.65505E+00
       1       264         0.00000E+00         0.65755E+00
       1       265         0.00000E+00         0.66005E+00
       1       266         0.00000E+00         0.66256E+00
       1       267         0.00000E+00         0.66506E+00
       1       268         0.00000E+00         0.66756E+00
       1       269         0.00000E+00         0.67006E+00
       1       270         0.00000E+00         0.67256E+00
       1       271         0.00000E+00         0.67506E+00
       1       272         0.00000E+00         0.67756E+00
       1       273         0.00000E+00         0.68006E+00
       1       274         0.00000E+00         0.68256E+00
       1       275         0.00000E+00         0.68507E+00
       1       276         0.00000E+00         0.68757E+00
       1       277         0.00000E+00         0.69007E+00
       1       278         0.00000E+00         0.69257E+00
       1       279         0.00000E+00         0.69507E+00
       1       280         0.00000E+00         0.69757E+00
       1       281         0.00000E+00         0.70007E+00
       1       282         0.00000E+00         0.70257E+00
       1       283         0.00000E+00         0.70507E+00
       1       284         0.00000E+00         0.70757E+00
       1       285         0.00000E+00         0.71007E+00
       1       286         0.00000E+00         0.71258E+00
       1       287         0.00000E+00         0.71508E+00
       1       288         0.00000E+00         0.71758E+00
       1       289         0.00000E+00         0.72008E+00
       1       290         0.00000E+00         0.72258E+00
       1       291         0.00000E+00         0.72508E+00
       1       292         0.00000E+00         0.72758E+00
       1       293         0.00000E+00         0.73008E+00
       1       294         0.00000E+00         0.73258E+00
       1       295         0.00000E+00         0.73508E+00
       1       296         0.00000E+00         0.73758E+00
       1       297         0.00000E+00         0.74008E+00
       1       298         0.00000E+00         0.74258E+00
       1       299         0.00000E+00         0.74508E+00
       1       300         0.00000E+00         0.74758E+00
       1       301         0.00000E+00         0.75008E+00
       1       302         0.00000E+00         0.75259E+00
       1       303         0.00000E+00         0.75509E+00
       1       304         0.00000E+00         0.75759E+00
       1       305         0.00000E+00         0.76009E+00
       1       306         0.00000E+00         0.76259E+00
       1       307         0.00000E+00         0.76509E+00
       1       308         0.00000E+00         0.76759E+00
       1       309         0.00000E+00         0.77009E+00
       1       310         0.00000E+00         0.77259E+00
       1       311         0.00000E+00         0.77509E+00
       1       312         0.00000E+00         0.77759E+00
       1       313         0.00000E+00         0.78009E+00
       1       314         0.00000E+00         0.78259E+00
       1       315         0.00000E+00         0.78509E+00
       1       316         0.00000E+00         0.78759E+00
       1       317         0.00000E+00         0.79009E+00
       1       318         0.00000E+00         0.79259E+00
       1       319         0.00000E+00         0.79509E+00
       1       320         0.00000E+00         0.79759E+00
       1       321         0.00000E+00         0.80009E+00
       1       322         0.00000E+00         0.80259E+00
       1       323         0.00000E+00         0.80509E+00
       1       324         0.00000E+00         0.80759E+00
       1       325         0.00000E+00         0.81009E+00
       1       326         0.00000E+00         0.81259E+00
       1       327         0.00000E+00         0.81509E+00
       1       328         0.00000E+00         0.81759E+00
       1       329         0.00000E+00         0.82009E+00
       1       330         0.00000E+00         0.82259E+00
       1       331         0.00000E+00         0.82509E+00
       1       332         0.00000E+00         0.82759E+00
       1       333         0.00000E+00         0.83008E+00
       1       334         0.00000E+00         0.83258E+00
       1       335         0.00000E+00         0.83508E+00
       1       336         0.00000E+00         0.83758E+00
       1       337         0.00000E+00         0.84008E+00
       1       338         0.00000E+00         0.84258E+00
       1       339         0.00000E+00         0.84508E+00
       1       340         0.00000E+00         0.84758E+00
       1       341         0.00000E+00         0.85008E+00
       1       342         0.00000E+00         0.85258E+00
       1       343         0.00000E+00         0.85508E+00
       1       344         0.00000E+00         0.85758E+00
       1       345         0.00000E+00         0.86008E+00
       1       346         0.00000E+00         0.86258E+00
       1       347         0.00000E+00         0.86508E+00
       1       348         0.00000E+00         0.86758E+00
       1       349         0.00000E+00         0.87008E+00
       1       350         0.00000E+00         0.87257E+00
       1       351         0.00000E+00         0.87507E+00
       1       352         0.00000E+00         0.87757E+00
       1       353         0.00000E+00         0.88007E+00
       1       354         0.00000E+00         0.88257E+00
       1       355         0.00000E+00         0.88507E+00
       1       356         0.00000E+00         0.88757E+00
       1       357         0.00000E+00         0.89007E+00
       1       358         0.00000E+00         0.89257E+00
       1       359         0.00000E+00         0.89507E+00
       1       360         0.00000E+00         0.89756E+00
       1       361         0.00000E+00         0.90006E+00
       1       362         0.00000E+00         0.90256E+00
       1       363         0.00000E+00         0.90506E+00
       1       364         0.00000E+00         0.90756E+00
       1       365         0.00000E+00         0.91006E+00
       1       366         0.00000E+00         0.91256E+00
       1       367         0.00000E+00         0.91506E+00
       1       368         0.00000E+00         0.91756E+00
       1       369         0.00000E+00         0.92005E+00
       1       370         0.00000E+00         0.92255E+00
       1       371         0.00000E+00         0.92505E+00
       1       372         0.00000E+00         0.92755E+00
       1       373         0.00000E+00         0.93005E+00
       1       374         0.00000E+00         0.93255E+00
       1       375         0.00000E+00         0.93505E+00
       1       376         0.00000E+00         0.93754E+00
       1       377         0.00000E+00         0.94004E+00
       1       378         0.00000E+00         0.94254E+00
       1       379         0.00000E+00         0.94504E+00
       1       380         0.00000E+00         0.94754E+00
       1       381         0.00000E+00         0.95004E+00
       1       382         0.00000E+00         0.95254E+00
       1       383         0.00000E+00         0.95503E+00
       1       384         0.00000E+00         0.95753E+00
       1       385         0.00000E+00         0.96003E+00
       1       386         0.00000E+00         0.96253E+00
       1       387         0.00000E+00         0.96503E+00
       1       388         0.00000E+00         0.96753E+00
       1       389         0.00000E+00         0.97002E+00
       1       390         0.00000E+00         0.97252E+00
       1       391         0.00000E+00         0.97502E+00
       1       392         0.00000E+00         0.97752E+00
       1       393         0.00000E+00         0.98002E+00
       1       394         0.00000E+00         0.98251E+00
       1       395         0.00000E+00         0.98501E+00
       1       396         0.00000E+00         0.98751E+00
       1       397         0.00000E+00         0.99001E+00
       1       398         0.00000E+00         0.99251E+00
       1       399         0.00000E+00         0.99500E+00
       1       400         0.00000E+00         0.99750E+00
       1       401         0.00000E+00         0.10000E+01
 EAST BOUNDARY
    I-POINTS  J-POINTS       X-COORD             Y-COORD
     401         1         0.10000E+01         0.00000E+00
     401         2         0.10000E+01         0.24979E-02
     401         3         0.10000E+01         0.49959E-02
     401         4         0.10000E+01         0.74938E-02
     401         5         0.10000E+01         0.99918E-02
     401         6         0.10000E+01         0.12490E-01
     401         7         0.10000E+01         0.14988E-01
     401         8         0.10000E+01         0.17486E-01
     401         9         0.10000E+01         0.19984E-01
     401        10         0.10000E+01         0.22482E-01
     401        11         0.10000E+01         0.24980E-01
     401        12         0.10000E+01         0.27478E-01
     401        13         0.10000E+01         0.29977E-01
     401        14         0.10000E+01         0.32475E-01
     401        15         0.10000E+01         0.34973E-01
     401        16         0.10000E+01         0.37471E-01
     401        17         0.10000E+01         0.39970E-01
     401        18         0.10000E+01         0.42468E-01
     401        19         0.10000E+01         0.44966E-01
     401        20         0.10000E+01         0.47465E-01
     401        21         0.10000E+01         0.49963E-01
     401        22         0.10000E+01         0.52462E-01
     401        23         0.10000E+01         0.54960E-01
     401        24         0.10000E+01         0.57458E-01
     401        25         0.10000E+01         0.59957E-01
     401        26         0.10000E+01         0.62455E-01
     401        27         0.10000E+01         0.64954E-01
     401        28         0.10000E+01         0.67453E-01
     401        29         0.10000E+01         0.69951E-01
     401        30         0.10000E+01         0.72450E-01
     401        31         0.10000E+01         0.74948E-01
     401        32         0.10000E+01         0.77447E-01
     401        33         0.10000E+01         0.79946E-01
     401        34         0.10000E+01         0.82444E-01
     401        35         0.10000E+01         0.84943E-01
     401        36         0.10000E+01         0.87442E-01
     401        37         0.10000E+01         0.89941E-01
     401        38         0.10000E+01         0.92440E-01
     401        39         0.10000E+01         0.94938E-01
     401        40         0.10000E+01         0.97437E-01
     401        41         0.10000E+01         0.99936E-01
     401        42         0.10000E+01         0.10244E+00
     401        43         0.10000E+01         0.10493E+00
     401        44         0.10000E+01         0.10743E+00
     401        45         0.10000E+01         0.10993E+00
     401        46         0.10000E+01         0.11243E+00
     401        47         0.10000E+01         0.11493E+00
     401        48         0.10000E+01         0.11743E+00
     401        49         0.10000E+01         0.11993E+00
     401        50         0.10000E+01         0.12243E+00
     401        51         0.10000E+01         0.12493E+00
     401        52         0.10000E+01         0.12743E+00
     401        53         0.10000E+01         0.12992E+00
     401        54         0.10000E+01         0.13242E+00
     401        55         0.10000E+01         0.13492E+00
     401        56         0.10000E+01         0.13742E+00
     401        57         0.10000E+01         0.13992E+00
     401        58         0.10000E+01         0.14242E+00
     401        59         0.10000E+01         0.14492E+00
     401        60         0.10000E+01         0.14742E+00
     401        61         0.10000E+01         0.14992E+00
     401        62         0.10000E+01         0.15242E+00
     401        63         0.10000E+01         0.15492E+00
     401        64         0.10000E+01         0.15742E+00
     401        65         0.10000E+01         0.15992E+00
     401        66         0.10000E+01         0.16242E+00
     401        67         0.10000E+01         0.16492E+00
     401        68         0.10000E+01         0.16742E+00
     401        69         0.10000E+01         0.16992E+00
     401        70         0.10000E+01         0.17241E+00
     401        71         0.10000E+01         0.17491E+00
     401        72         0.10000E+01         0.17741E+00
     401        73         0.10000E+01         0.17991E+00
     401        74         0.10000E+01         0.18241E+00
     401        75         0.10000E+01         0.18491E+00
     401        76         0.10000E+01         0.18741E+00
     401        77         0.10000E+01         0.18991E+00
     401        78         0.10000E+01         0.19241E+00
     401        79         0.10000E+01         0.19491E+00
     401        80         0.10000E+01         0.19741E+00
     401        81         0.10000E+01         0.19991E+00
     401        82         0.10000E+01         0.20241E+00
     401        83         0.10000E+01         0.20491E+00
     401        84         0.10000E+01         0.20741E+00
     401        85         0.10000E+01         0.20991E+00
     401        86         0.10000E+01         0.21241E+00
     401        87         0.10000E+01         0.21491E+00
     401        88         0.10000E+01         0.21741E+00
     401        89         0.10000E+01         0.21991E+00
     401        90         0.10000E+01         0.22241E+00
     401        91         0.10000E+01         0.22491E+00
     401        92         0.10000E+01         0.22741E+00
     401        93         0.10000E+01         0.22991E+00
     401        94         0.10000E+01         0.23241E+00
     401        95         0.10000E+01         0.23491E+00
     401        96         0.10000E+01         0.23741E+00
     401        97         0.10000E+01         0.23991E+00
     401        98         0.10000E+01         0.24241E+00
     401        99         0.10000E+01         0.24491E+00
     401       100         0.10000E+01         0.24741E+00
     401       101         0.10000E+01         0.24992E+00
     401       102         0.10000E+01         0.25242E+00
     401       103         0.10000E+01         0.25492E+00
     401       104         0.10000E+01         0.25742E+00
     401       105         0.10000E+01         0.25992E+00
     401       106         0.10000E+01         0.26242E+00
     401       107         0.10000E+01         0.26492E+00
     401       108         0.10000E+01         0.26742E+00
     401       109         0.10000E+01         0.26992E+00
     401       110         0.10000E+01         0.27242E+00
     401       111         0.10000E+01         0.27492E+00
     401       112         0.10000E+01         0.27742E+00
     401       113         0.10000E+01         0.27992E+00
     401       114         0.10000E+01         0.28242E+00
     401       115         0.10000E+01         0.28492E+00
     401       116         0.10000E+01         0.28742E+00
     401       117         0.10000E+01         0.28993E+00
     401       118         0.10000E+01         0.29243E+00
     401       119         0.10000E+01         0.29493E+00
     401       120         0.10000E+01         0.29743E+00
     401       121         0.10000E+01         0.29993E+00
     401       122         0.10000E+01         0.30243E+00
     401       123         0.10000E+01         0.30493E+00
     401       124         0.10000E+01         0.30743E+00
     401       125         0.10000E+01         0.30993E+00
     401       126         0.10000E+01         0.31243E+00
     401       127         0.10000E+01         0.31493E+00
     401       128         0.10000E+01         0.31744E+00
     401       129         0.10000E+01         0.31994E+00
     401       130         0.10000E+01         0.32244E+00
     401       131         0.10000E+01         0.32494E+00
     401       132         0.10000E+01         0.32744E+00
     401       133         0.10000E+01         0.32994E+00
     401       134         0.10000E+01         0.33244E+00
     401       135         0.10000E+01         0.33494E+00
     401       136         0.10000E+01         0.33744E+00
     401       137         0.10000E+01         0.33995E+00
     401       138         0.10000E+01         0.34245E+00
     401       139         0.10000E+01         0.34495E+00
     401       140         0.10000E+01         0.34745E+00
     401       141         0.10000E+01         0.34995E+00
     401       142         0.10000E+01         0.35245E+00
     401       143         0.10000E+01         0.35495E+00
     401       144         0.10000E+01         0.35746E+00
     401       145         0.10000E+01         0.35996E+00
     401       146         0.10000E+01         0.36246E+00
     401       147         0.10000E+01         0.36496E+00
     401       148         0.10000E+01         0.36746E+00
     401       149         0.10000E+01         0.36996E+00
     401       150         0.10000E+01         0.37247E+00
     401       151         0.10000E+01         0.37497E+00
     401       152         0.10000E+01         0.37747E+00
     401       153         0.10000E+01         0.37997E+00
     401       154         0.10000E+01         0.38247E+00
     401       155         0.10000E+01         0.38497E+00
     401       156         0.10000E+01         0.38748E+00
     401       157         0.10000E+01         0.38998E+00
     401       158         0.10000E+01         0.39248E+00
     401       159         0.10000E+01         0.39498E+00
     401       160         0.10000E+01         0.39748E+00
     401       161         0.10000E+01         0.39998E+00
     401       162         0.10000E+01         0.40249E+00
     401       163         0.10000E+01         0.40499E+00
     401       164         0.10000E+01         0.40749E+00
     401       165         0.10000E+01         0.40999E+00
     401       166         0.10000E+01         0.41249E+00
     401       167         0.10000E+01         0.41500E+00
     401       168         0.10000E+01         0.41750E+00
     401       169         0.10000E+01         0.42000E+00
     401       170         0.10000E+01         0.42250E+00
     401       171         0.10000E+01         0.42501E+00
     401       172         0.10000E+01         0.42751E+00
     401       173         0.10000E+01         0.43001E+00
     401       174         0.10000E+01         0.43251E+00
     401       175         0.10000E+01         0.43501E+00
     401       176         0.10000E+01         0.43752E+00
     401       177         0.10000E+01         0.44002E+00
     401       178         0.10000E+01         0.44252E+00
     401       179         0.10000E+01         0.44502E+00
     401       180         0.10000E+01         0.44753E+00
     401       181         0.10000E+01         0.45003E+00
     401       182         0.10000E+01         0.45253E+00
     401       183         0.10000E+01         0.45503E+00
     401       184         0.10000E+01         0.45754E+00
     401       185         0.10000E+01         0.46004E+00
     401       186         0.10000E+01         0.46254E+00
     401       187         0.10000E+01         0.46504E+00
     401       188         0.10000E+01         0.46755E+00
     401       189         0.10000E+01         0.47005E+00
     401       190         0.10000E+01         0.47255E+00
     401       191         0.10000E+01         0.47505E+00
     401       192         0.10000E+01         0.47756E+00
     401       193         0.10000E+01         0.48006E+00
     401       194         0.10000E+01         0.48256E+00
     401       195         0.10000E+01         0.48506E+00
     401       196         0.10000E+01         0.48757E+00
     401       197         0.10000E+01         0.49007E+00
     401       198         0.10000E+01         0.49257E+00
     401       199         0.10000E+01         0.49508E+00
     401       200         0.10000E+01         0.49758E+00
     401       201         0.10000E+01         0.50008E+00
     401       202         0.10000E+01         0.50242E+00
     401       203         0.10000E+01         0.50492E+00
     401       204         0.10000E+01         0.50743E+00
     401       205         0.10000E+01         0.50993E+00
     401       206         0.10000E+01         0.51243E+00
     401       207         0.10000E+01         0.51494E+00
     401       208         0.10000E+01         0.51744E+00
     401       209         0.10000E+01         0.51994E+00
     401       210         0.10000E+01         0.52244E+00
     401       211         0.10000E+01         0.52495E+00
     401       212         0.10000E+01         0.52745E+00
     401       213         0.10000E+01         0.52995E+00
     401       214         0.10000E+01         0.53245E+00
     401       215         0.10000E+01         0.53496E+00
     401       216         0.10000E+01         0.53746E+00
     401       217         0.10000E+01         0.53996E+00
     401       218         0.10000E+01         0.54246E+00
     401       219         0.10000E+01         0.54497E+00
     401       220         0.10000E+01         0.54747E+00
     401       221         0.10000E+01         0.54997E+00
     401       222         0.10000E+01         0.55247E+00
     401       223         0.10000E+01         0.55498E+00
     401       224         0.10000E+01         0.55748E+00
     401       225         0.10000E+01         0.55998E+00
     401       226         0.10000E+01         0.56248E+00
     401       227         0.10000E+01         0.56499E+00
     401       228         0.10000E+01         0.56749E+00
     401       229         0.10000E+01         0.56999E+00
     401       230         0.10000E+01         0.57249E+00
     401       231         0.10000E+01         0.57499E+00
     401       232         0.10000E+01         0.57750E+00
     401       233         0.10000E+01         0.58000E+00
     401       234         0.10000E+01         0.58250E+00
     401       235         0.10000E+01         0.58500E+00
     401       236         0.10000E+01         0.58751E+00
     401       237         0.10000E+01         0.59001E+00
     401       238         0.10000E+01         0.59251E+00
     401       239         0.10000E+01         0.59501E+00
     401       240         0.10000E+01         0.59751E+00
     401       241         0.10000E+01         0.60002E+00
     401       242         0.10000E+01         0.60252E+00
     401       243         0.10000E+01         0.60502E+00
     401       244         0.10000E+01         0.60752E+00
     401       245         0.10000E+01         0.61002E+00
     401       246         0.10000E+01         0.61252E+00
     401       247         0.10000E+01         0.61503E+00
     401       248         0.10000E+01         0.61753E+00
     401       249         0.10000E+01         0.62003E+00
     401       250         0.10000E+01         0.62253E+00
     401       251         0.10000E+01         0.62503E+00
     401       252         0.10000E+01         0.62753E+00
     401       253         0.10000E+01         0.63004E+00
     401       254         0.10000E+01         0.63254E+00
     401       255         0.10000E+01         0.63504E+00
     401       256         0.10000E+01         0.63754E+00
     401       257         0.10000E+01         0.64004E+00
     401       258         0.10000E+01         0.64254E+00
     401       259         0.10000E+01         0.64505E+00
     401       260         0.10000E+01         0.64755E+00
     401       261         0.10000E+01         0.65005E+00
     401       262         0.10000E+01         0.65255E+00
     401       263         0.10000E+01         0.65505E+00
     401       264         0.10000E+01         0.65755E+00
     401       265         0.10000E+01         0.66005E+00
     401       266         0.10000E+01         0.66256E+00
     401       267         0.10000E+01         0.66506E+00
     401       268         0.10000E+01         0.66756E+00
     401       269         0.10000E+01         0.67006E+00
     401       270         0.10000E+01         0.67256E+00
     401       271         0.10000E+01         0.67506E+00
     401       272         0.10000E+01         0.67756E+00
     401       273         0.10000E+01         0.68006E+00
     401       274         0.10000E+01         0.68256E+00
     401       275         0.10000E+01         0.68507E+00
     401       276         0.10000E+01         0.68757E+00
     401       277         0.10000E+01         0.69007E+00
     401       278         0.10000E+01         0.69257E+00
     401       279         0.10000E+01         0.69507E+00
     401       280         0.10000E+01         0.69757E+00
     401       281         0.10000E+01         0.70007E+00
     401       282         0.10000E+01         0.70257E+00
     401       283         0.10000E+01         0.70507E+00
     401       284         0.10000E+01         0.70757E+00
     401       285         0.10000E+01         0.71007E+00
     401       286         0.10000E+01         0.71258E+00
     401       287         0.10000E+01         0.71508E+00
     401       288         0.10000E+01         0.71758E+00
     401       289         0.10000E+01         0.72008E+00
     401       290         0.10000E+01         0.72258E+00
     401       291         0.10000E+01         0.72508E+00
     401       292         0.10000E+01         0.72758E+00
     401       293         0.10000E+01         0.73008E+00
     401       294         0.10000E+01         0.73258E+00
     401       295         0.10000E+01         0.73508E+00
     401       296         0.10000E+01         0.73758E+00
     401       297         0.10000E+01         0.74008E+00
     401       298         0.10000E+01         0.74258E+00
     401       299         0.10000E+01         0.74508E+00
     401       300         0.10000E+01         0.74758E+00
     401       301         0.10000E+01         0.75008E+00
     401       302         0.10000E+01         0.75259E+00
     401       303         0.10000E+01         0.75509E+00
     401       304         0.10000E+01         0.75759E+00
     401       305         0.10000E+01         0.76009E+00
     401       306         0.10000E+01         0.76259E+00
     401       307         0.10000E+01         0.76509E+00
     401       308         0.10000E+01         0.76759E+00
     401       309         0.10000E+01         0.77009E+00
     401       310         0.10000E+01         0.77259E+00
     401       311         0.10000E+01         0.77509E+00
     401       312         0.10000E+01         0.77759E+00
     401       313         0.10000E+01         0.78009E+00
     401       314         0.10000E+01         0.78259E+00
     401       315         0.10000E+01         0.78509E+00
     401       316         0.10000E+01         0.78759E+00
     401       317         0.10000E+01         0.79009E+00
     401       318         0.10000E+01         0.79259E+00
     401       319         0.10000E+01         0.79509E+00
     401       320         0.10000E+01         0.79759E+00
     401       321         0.10000E+01         0.80009E+00
     401       322         0.10000E+01         0.80259E+00
     401       323         0.10000E+01         0.80509E+00
     401       324         0.10000E+01         0.80759E+00
     401       325         0.10000E+01         0.81009E+00
     401       326         0.10000E+01         0.81259E+00
     401       327         0.10000E+01         0.81509E+00
     401       328         0.10000E+01         0.81759E+00
     401       329         0.10000E+01         0.82009E+00
     401       330         0.10000E+01         0.82259E+00
     401       331         0.10000E+01         0.82509E+00
     401       332         0.10000E+01         0.82759E+00
     401       333         0.10000E+01         0.83008E+00
     401       334         0.10000E+01         0.83258E+00
     401       335         0.10000E+01         0.83508E+00
     401       336         0.10000E+01         0.83758E+00
     401       337         0.10000E+01         0.84008E+00
     401       338         0.10000E+01         0.84258E+00
     401       339         0.10000E+01         0.84508E+00
     401       340         0.10000E+01         0.84758E+00
     401       341         0.10000E+01         0.85008E+00
     401       342         0.10000E+01         0.85258E+00
     401       343         0.10000E+01         0.85508E+00
     401       344         0.10000E+01         0.85758E+00
     401       345         0.10000E+01         0.86008E+00
     401       346         0.10000E+01         0.86258E+00
     401       347         0.10000E+01         0.86508E+00
     401       348         0.10000E+01         0.86758E+00
     401       349         0.10000E+01         0.87008E+00
     401       350         0.10000E+01         0.87257E+00
     401       351         0.10000E+01         0.87507E+00
     401       352         0.10000E+01         0.87757E+00
     401       353         0.10000E+01         0.88007E+00
     401       354         0.10000E+01         0.88257E+00
     401       355         0.10000E+01         0.88507E+00
     401       356         0.10000E+01         0.88757E+00
     401       357         0.10000E+01         0.89007E+00
     401       358         0.10000E+01         0.89257E+00
     401       359         0.10000E+01         0.89507E+00
     401       360         0.10000E+01         0.89756E+00
     401       361         0.10000E+01         0.90006E+00
     401       362         0.10000E+01         0.90256E+00
     401       363         0.10000E+01         0.90506E+00
     401       364         0.10000E+01         0.90756E+00
     401       365         0.10000E+01         0.91006E+00
     401       366         0.10000E+01         0.91256E+00
     401       367         0.10000E+01         0.91506E+00
     401       368         0.10000E+01         0.91756E+00
     401       369         0.10000E+01         0.92005E+00
     401       370         0.10000E+01         0.92255E+00
     401       371         0.10000E+01         0.92505E+00
     401       372         0.10000E+01         0.92755E+00
     401       373         0.10000E+01         0.93005E+00
     401       374         0.10000E+01         0.93255E+00
     401       375         0.10000E+01         0.93505E+00
     401       376         0.10000E+01         0.93754E+00
     401       377         0.10000E+01         0.94004E+00
     401       378         0.10000E+01         0.94254E+00
     401       379         0.10000E+01         0.94504E+00
     401       380         0.10000E+01         0.94754E+00
     401       381         0.10000E+01         0.95004E+00
     401       382         0.10000E+01         0.95254E+00
     401       383         0.10000E+01         0.95503E+00
     401       384         0.10000E+01         0.95753E+00
     401       385         0.10000E+01         0.96003E+00
     401       386         0.10000E+01         0.96253E+00
     401       387         0.10000E+01         0.96503E+00
     401       388         0.10000E+01         0.96753E+00
     401       389         0.10000E+01         0.97002E+00
     401       390         0.10000E+01         0.97252E+00
     401       391         0.10000E+01         0.97502E+00
     401       392         0.10000E+01         0.97752E+00
     401       393         0.10000E+01         0.98002E+00
     401       394         0.10000E+01         0.98251E+00
     401       395         0.10000E+01         0.98501E+00
     401       396         0.10000E+01         0.98751E+00
     401       397         0.10000E+01         0.99001E+00
     401       398         0.10000E+01         0.99251E+00
     401       399         0.10000E+01         0.99500E+00
     401       400         0.10000E+01         0.99750E+00
     401       401         0.10000E+01         0.10000E+01
